  0.16962645811986410       0.93194748156524843       0.75975312139324869        24213.182958954043       0.16962645811986410       0.93194748156524843       0.75975312139324869        2.2402468786067513     
  0.80912843475157425       0.93194748156524843       0.75975312139324869        23681.187114590917       0.80912843475157425       0.93194748156524843       0.75975312139324869        2.2402468786067513     
  0.80912843475157425        1.5714494581969585       0.75975312139324869        23685.271307563104       0.80912843475157425        1.5714494581969585       0.75975312139324869        2.2402468786067513     
  0.80912843475157425       0.93194748156524843        1.3992550980249590        23675.881826148703       0.80912843475157425       0.93194748156524843        1.3992550980249590        1.6007449019750410     
 NBEST =                     4
 OLD NP   0.80912843475157425       0.93194748156524843        1.3992550980249590       0.80912843475157425       0.93194748156524843        1.3992550980249590        1.6007449019750410        23675.881826148703     
 NEW NP   0.80912843475157425       0.93194748156524843        1.3992550980249590       0.80912843475157425       0.93194748156524843        1.3992550980249590        1.6007449019750410        23675.881826148703     
   1.4485797728906453       0.92703834047146916        1.4056319782760609        23149.179370691403        1.4485797728906453       0.92703834047146916        1.4056319782760609        1.5943680217239391     
 NBEST =                     1
 OLD NP   0.80912843475157425       0.93194748156524843        1.3992550980249590       0.80912843475157425       0.93194748156524843        1.3992550980249590        1.6007449019750410        23675.881826148703     
 NEW NP    1.4485797728906453       0.92703834047146916        1.4056319782760609        1.4485797728906453       0.92703834047146916        1.4056319782760609        1.5943680217239391        23149.179370691403     
   2.0880300798523850       0.92207946961303500        1.4120734565389252        22631.869486729782        2.0880300798523850       0.92207946961303500        1.4120734565389252        1.5879265434610748     
 NBEST =                     1
 OLD NP    1.4485797728906453       0.92703834047146916        1.4056319782760609        1.4485797728906453       0.92703834047146916        1.4056319782760609        1.5943680217239391        23149.179370691403     
 NEW NP    2.0880300798523850       0.92207946961303500        1.4120734565389252        2.0880300798523850       0.92207946961303500        1.4120734565389252        1.5879265434610748        22631.869486729782     
   2.7272540066845106       0.91703141180288517        1.4302411914975555        22124.055837441534        2.7272540066845106       0.91703141180288517        1.4302411914975555        1.5697588085024445     
 NBEST =                     1
 OLD NP    2.0880300798523850       0.92207946961303500        1.4120734565389252        2.0880300798523850       0.92207946961303500        1.4120734565389252        1.5879265434610748        22631.869486729782     
 NEW NP    2.7272540066845106       0.91703141180288517        1.4302411914975555        2.7272540066845106       0.91703141180288517        1.4302411914975555        1.5697588085024445        22124.055837441534     
   3.3652510986845172       0.91189214794111917        1.4737851541371498        21626.405890538223        3.3652510986845172       0.91189214794111917        1.4737851541371498        1.5262148458628502     
 NBEST =                     1
 OLD NP    2.7272540066845106       0.91703141180288517        1.4302411914975555        2.7272540066845106       0.91703141180288517        1.4302411914975555        1.5697588085024445        22124.055837441534     
 NEW NP    3.3652510986845172       0.91189214794111917        1.4737851541371498        3.3652510986845172       0.91189214794111917        1.4737851541371498        1.5262148458628502        21626.405890538223     
   3.9979963457598253       0.90665937975857902        1.5663532293932518        21141.846302918959        3.9979963457598253       0.90665937975857902        1.5663532293932518        1.4336467706067482     
 NBEST =                     1
 OLD NP    3.3652510986845172       0.91189214794111917        1.4737851541371498        3.3652510986845172       0.91189214794111917        1.4737851541371498        1.5262148458628502        21626.405890538223     
 NEW NP    3.9979963457598253       0.90665937975857902        1.5663532293932518        3.9979963457598253       0.90665937975857902        1.5663532293932518        1.4336467706067482        21141.846302918959     
   4.5927148798624984       0.90141252911554304        1.8013960209631321        20694.424356905045        4.5927148798624984       0.90141252911554304        1.8013960209631321        1.1986039790368679     
 NBEST =                     1
 OLD NP    3.9979963457598253       0.90665937975857902        1.5663532293932518        3.9979963457598253       0.90665937975857902        1.5663532293932518        1.4336467706067482        21141.846302918959     
 NEW NP    4.5927148798624984       0.90141252911554304        1.8013960209631321        4.5927148798624984       0.90141252911554304        1.8013960209631321        1.1986039790368679        20694.424356905045     
   5.1956186712374040       0.89700938357128124        1.5882050062112318        20251.211148312446        5.1956186712374040       0.89700938357128124        1.5882050062112318        1.4117949937887682     
 NBEST =                     3
 OLD NP    4.5927148798624984       0.90141252911554304        1.8013960209631321        4.5927148798624984       0.90141252911554304        1.8013960209631321        1.1986039790368679        20694.424356905045     
 NEW NP    5.1956186712374040       0.89700938357128124        1.5882050062112318        5.1956186712374040       0.89700938357128124        1.5882050062112318        1.4117949937887682        20251.211148312446     
   5.8031115968687885       0.69807206510069564        1.6066187712639903        19811.844472521690        5.8031115968687885       0.69807206510069564        1.6066187712639903        1.3933812287360097     
 NBEST =                     2
 OLD NP    5.1956186712374040       0.89700938357128124        1.5882050062112318        5.1956186712374040       0.89700938357128124        1.5882050062112318        1.4117949937887682        20251.211148312446     
 NEW NP    5.8031115968687885       0.69807206510069564        1.6066187712639903        5.8031115968687885       0.69807206510069564        1.6066187712639903        1.3933812287360097        19811.844472521690     
   6.4398946715049856       0.75356233734860079        1.6263905607275047        19361.207425217406        6.4398946715049856       0.75356233734860079        1.6263905607275047        1.3736094392724953     
 NBEST =                     1
 OLD NP    5.8031115968687885       0.69807206510069564        1.6066187712639903        5.8031115968687885       0.69807206510069564        1.6066187712639903        1.3933812287360097        19811.844472521690     
 NEW NP    6.4398946715049856       0.75356233734860079        1.6263905607275047        6.4398946715049856       0.75356233734860079        1.6263905607275047        1.3736094392724953        19361.207425217406     
   7.0761076545405377       0.72015014006711298        1.5708978278186720        18920.455873698287        7.0761076545405377       0.72015014006711298        1.5708978278186720        1.4291021721813280     
 NBEST =                     3
 OLD NP    6.4398946715049856       0.75356233734860079        1.6263905607275047        6.4398946715049856       0.75356233734860079        1.6263905607275047        1.3736094392724953        19361.207425217406     
 NEW NP    7.0761076545405377       0.72015014006711298        1.5708978278186720        7.0761076545405377       0.72015014006711298        1.5708978278186720        1.4291021721813280        18920.455873698287     
   7.6968377612084495       0.68685384826980345        1.7210586407641777        18499.807028393501        7.6968377612084495       0.68685384826980345        1.7210586407641777        1.2789413592358223     
 NBEST =                     3
 OLD NP    7.0761076545405377       0.72015014006711298        1.5708978278186720        7.0761076545405377       0.72015014006711298        1.5708978278186720        1.4291021721813280        18920.455873698287     
 NEW NP    7.6968377612084495       0.68685384826980345        1.7210586407641777        7.6968377612084495       0.68685384826980345        1.7210586407641777        1.2789413592358223        18499.807028393501     
   8.3246388544401313       0.61078176798047834        1.6259712911669584        18083.615982283220        8.3246388544401313       0.61078176798047834        1.6259712911669584        1.3740287088330416     
 NBEST =                     3
 OLD NP    7.6968377612084495       0.68685384826980345        1.7210586407641777        7.6968377612084495       0.68685384826980345        1.7210586407641777        1.2789413592358223        18499.807028393501     
 NEW NP    8.3246388544401313       0.61078176798047834        1.6259712911669584        8.3246388544401313       0.61078176798047834        1.6259712911669584        1.3740287088330416        18083.615982283220     
   8.9297349303540159       0.50969440382586362        1.8065339169724008        17692.806917194110        8.9297349303540159       0.50969440382586362        1.8065339169724008        1.1934660830275992     
 NBEST =                     3
 OLD NP    8.3246388544401313       0.61078176798047834        1.6259712911669584        8.3246388544401313       0.61078176798047834        1.6259712911669584        1.3740287088330416        18083.615982283220     
 NEW NP    8.9297349303540159       0.50969440382586362        1.8065339169724008        8.9297349303540159       0.50969440382586362        1.8065339169724008        1.1934660830275992        17692.806917194110     
   9.5305719761088223       0.38204526093641233        1.6285920194774883        17312.660397796964        9.5305719761088223       0.38204526093641233        1.6285920194774883        1.3714079805225117     
 NBEST =                     2
 OLD NP    8.9297349303540159       0.50969440382586362        1.8065339169724008        8.9297349303540159       0.50969440382586362        1.8065339169724008        1.1934660830275992        17692.806917194110     
 NEW NP    9.5305719761088223       0.38204526093641233        1.6285920194774883        9.5305719761088223       0.38204526093641233        1.6285920194774883        1.3714079805225117        17312.660397796964     
   10.118643035127223       0.63331204052449341        1.6281303526322932        16944.756129149013        10.118643035127223       0.63331204052449341        1.6281303526322932        1.3718696473677068     
 NBEST =                     1
 OLD NP    9.5305719761088223       0.38204526093641233        1.6285920194774883        9.5305719761088223       0.38204526093641233        1.6285920194774883        1.3714079805225117        17312.660397796964     
 NEW NP    10.118643035127223       0.63331204052449341        1.6281303526322932        10.118643035127223       0.63331204052449341        1.6281303526322932        1.3718696473677068        16944.756129149013     
   10.757309943848064       0.61111090313130423        1.6520984005143646        16558.252533373761        10.757309943848064       0.61111090313130423        1.6520984005143646        1.3479015994856354     
 NBEST =                     3
 OLD NP    10.118643035127223       0.63331204052449341        1.6281303526322932        10.118643035127223       0.63331204052449341        1.6281303526322932        1.3718696473677068        16944.756129149013     
 NEW NP    10.757309943848064       0.61111090313130423        1.6520984005143646        10.757309943848064       0.61111090313130423        1.6520984005143646        1.3479015994856354        16558.252533373761     
   11.387081513468855       0.64807492559851587        1.5472928221500788        16183.608621555883        11.387081513468855       0.64807492559851587        1.5472928221500788        1.4527071778499212     
 NBEST =                     2
 OLD NP    10.757309943848064       0.61111090313130423        1.6520984005143646        10.757309943848064       0.61111090313130423        1.6520984005143646        1.3479015994856354        16558.252533373761     
 NEW NP    11.387081513468855       0.64807492559851587        1.5472928221500788        11.387081513468855       0.64807492559851587        1.5472928221500788        1.4527071778499212        16183.608621555883     
   12.019744789036100       0.70078106362364601        1.6242474898373942        15818.764552498120        12.019744789036100       0.70078106362364601        1.6242474898373942        1.3757525101626058     
 NBEST =                     2
 OLD NP    11.387081513468855       0.64807492559851587        1.5472928221500788        11.387081513468855       0.64807492559851587        1.5472928221500788        1.4527071778499212        16183.608621555883     
 NEW NP    12.019744789036100       0.70078106362364601        1.6242474898373942        12.019744789036100       0.70078106362364601        1.6242474898373942        1.3757525101626058        15818.764552498120     
   12.631088282204422       0.78961845294763200        1.4589301291800327        15468.140393288850        12.631088282204422       0.78961845294763200        1.4589301291800327        1.5410698708199673     
 NBEST =                     2
 OLD NP    12.019744789036100       0.70078106362364601        1.6242474898373942        12.019744789036100       0.70078106362364601        1.6242474898373942        1.3757525101626058        15818.764552498120     
 NEW NP    12.631088282204422       0.78961845294763200        1.4589301291800327        12.631088282204422       0.78961845294763200        1.4589301291800327        1.5410698708199673        15468.140393288850     
   13.254550067633897       0.87923394630864904        1.5695069964471864        15126.202941857666        13.254550067633897       0.87923394630864904        1.5695069964471864        1.4304930035528136     
 NBEST =                     2
 OLD NP    12.631088282204422       0.78961845294763200        1.4589301291800327        12.631088282204422       0.78961845294763200        1.4589301291800327        1.5410698708199673        15468.140393288850     
 NEW NP    13.254550067633897       0.87923394630864904        1.5695069964471864        13.254550067633897       0.87923394630864904        1.5695069964471864        1.4304930035528136        15126.202941857666     
   13.838813199750746        1.0257440427342999        1.3547183510065595        14798.862874121289        13.838813199750746        1.0257440427342999        1.3547183510065595        1.6452816489934405     
 NBEST =                     2
 OLD NP    13.254550067633897       0.87923394630864904        1.5695069964471864        13.254550067633897       0.87923394630864904        1.5695069964471864        1.4304930035528136        15126.202941857666     
 NEW NP    13.838813199750746        1.0257440427342999        1.3547183510065595        13.838813199750746        1.0257440427342999        1.3547183510065595        1.6452816489934405        14798.862874121289     
   14.451292892435699        1.1594496496157600        1.4810283460697737        14479.210502219288        14.451292892435699        1.1594496496157600        1.4810283460697737        1.5189716539302263     
 NBEST =                     2
 OLD NP    13.838813199750746        1.0257440427342999        1.3547183510065595        13.838813199750746        1.0257440427342999        1.3547183510065595        1.6452816489934405        14798.862874121289     
 NEW NP    14.451292892435699        1.1594496496157600        1.4810283460697737        14.451292892435699        1.1594496496157600        1.4810283460697737        1.5189716539302263        14479.210502219288     
   14.983139011734199        1.3745078987085932        1.1984466180686235        14178.358228377452        14.983139011734199        1.3745078987085932        1.1984466180686235        1.8015533819313765     
 NBEST =                     1
 OLD NP    14.451292892435699        1.1594496496157600        1.4810283460697737        14.451292892435699        1.1594496496157600        1.4810283460697737        1.5189716539302263        14479.210502219288     
 NEW NP    14.983139011734199        1.3745078987085932        1.1984466180686235        14.983139011734199        1.3745078987085932        1.1984466180686235        1.8015533819313765        14178.358228377452     
   15.576591013784343        1.1645168548234788        1.0858355135248006        13878.549237774678        15.576591013784343        1.1645168548234788        1.0858355135248006        1.9141644864751994     
 NBEST =                     3
 OLD NP    14.983139011734199        1.3745078987085932        1.1984466180686235        14.983139011734199        1.3745078987085932        1.1984466180686235        1.8015533819313765        14178.358228377452     
 NEW NP    15.576591013784343        1.1645168548234788        1.0858355135248006        15.576591013784343        1.1645168548234788        1.0858355135248006        1.9141644864751994        13878.549237774678     
   16.209592609864828        1.2376321804964354        1.0317438632711662        13556.638615647591        16.209592609864828        1.2376321804964354        1.0317438632711662        1.9682561367288338     
 NBEST =                     2
 OLD NP    15.576591013784343        1.1645168548234788        1.0858355135248006        15.576591013784343        1.1645168548234788        1.0858355135248006        1.9141644864751994        13878.549237774678     
 NEW NP    16.209592609864828        1.2376321804964354        1.0317438632711662        16.209592609864828        1.2376321804964354        1.0317438632711662        1.9682561367288338        13556.638615647591     
   16.833274808371797        1.2768002390135824       0.89591619093089325        13236.014426450696        16.833274808371797        1.2768002390135824       0.89591619093089325        2.1040838090691070     
 NBEST =                     1
 OLD NP    16.209592609864828        1.2376321804964354        1.0317438632711662        16.209592609864828        1.2376321804964354        1.0317438632711662        1.9682561367288338        13556.638615647591     
 NEW NP    16.833274808371797        1.2768002390135824       0.89591619093089325        16.833274808371797        1.2768002390135824       0.89591619093089325        2.1040838090691070        13236.014426450696     
   17.469346820143276        1.2996379077639377       0.83383870030106277        12924.822200841023        17.469346820143276        1.2996379077639377       0.83383870030106277        2.1661612996989374     
 NBEST =                     1
 OLD NP    16.833274808371797        1.2768002390135824       0.89591619093089325        16.833274808371797        1.2768002390135824       0.89591619093089325        2.1040838090691070        13236.014426450696     
 NEW NP    17.469346820143276        1.2996379077639377       0.83383870030106277        17.469346820143276        1.2996379077639377       0.83383870030106277        2.1661612996989374        12924.822200841023     
   17.964566343065716        1.3497157492649201       0.43232579637027035        12775.818206657419        17.964566343065716        1.3497157492649201       0.43232579637027035        2.5676742036297298     
 NBEST =                     3
 OLD NP    17.469346820143276        1.2996379077639377       0.83383870030106277        17.469346820143276        1.2996379077639377       0.83383870030106277        2.1661612996989374        12924.822200841023     
 NEW NP    17.964566343065716        1.3497157492649201       0.43232579637027035        17.964566343065716        1.3497157492649201       0.43232579637027035        2.5676742036297298        12775.818206657419     
   18.296149446629855        1.8491697845742612       0.65494899857492195        12486.882483673999        18.296149446629855        1.8491697845742612       0.65494899857492195        2.3450510014250781     
 NBEST =                     2
 OLD NP    17.964566343065716        1.3497157492649201       0.43232579637027035        17.964566343065716        1.3497157492649201       0.43232579637027035        2.5676742036297298        12775.818206657419     
 NEW NP    18.296149446629855        1.8491697845742612       0.65494899857492195        18.296149446629855        1.8491697845742612       0.65494899857492195        2.3450510014250781        12486.882483673999     
   18.848676622247449        1.9746101443351645       0.95149783850346237        12272.213640335092        18.848676622247449        1.9746101443351645       0.95149783850346237        2.0485021614965375     
 NBEST =                     1
 OLD NP    18.296149446629855        1.8491697845742612       0.65494899857492195        18.296149446629855        1.8491697845742612       0.65494899857492195        2.3450510014250781        12486.882483673999     
 NEW NP    18.848676622247449        1.9746101443351645       0.95149783850346237        18.848676622247449        1.9746101443351645       0.95149783850346237        2.0485021614965375        12272.213640335092     
   19.237367293468598        2.4808010941519543       0.99215571037463424        12081.532387134022        19.237367293468598        2.4808010941519543       0.99215571037463424        2.0078442896253659     
 NBEST =                     3
 OLD NP    18.848676622247449        1.9746101443351645       0.95149783850346237        18.848676622247449        1.9746101443351645       0.95149783850346237        2.0485021614965375        12272.213640335092     
 NEW NP    19.237367293468598        2.4808010941519543       0.99215571037463424        19.237367293468598        2.4808010941519543       0.99215571037463424        2.0078442896253659        12081.532387134022     
   19.254417462158209        2.7982982603384321        1.5470139078693421        12177.887231367049        19.254417462158209        2.7982982603384321        1.5470139078693421        1.4529860921306579     
 NBEST =                     4
 OLD NP    19.237367293468598        2.4808010941519543       0.99215571037463424        19.237367293468598        2.4808010941519543       0.99215571037463424        2.0078442896253659        12081.532387134022     
 NEW NP    19.237367293468598        2.4808010941519543       0.99215571037463424        19.237367293468598        2.4808010941519543       0.99215571037463424        2.0078442896253659        12081.532387134022     
   19.830380374420148        2.4995123475593743       0.75351758908606581        11764.503941092546        19.830380374420148        2.4995123475593743       0.75351758908606581        2.2464824109139343     
 NBEST =                     1
 OLD NP    19.237367293468598        2.4808010941519543       0.99215571037463424        19.237367293468598        2.4808010941519543       0.99215571037463424        2.0078442896253659        12081.532387134022     
 NEW NP    19.830380374420148        2.4995123475593743       0.75351758908606581        19.830380374420148        2.4995123475593743       0.75351758908606581        2.2464824109139343        11764.503941092546     
   20.402156374493924        2.5661889864371519       0.47496919170517748        11636.153974484383        20.402156374493924        2.5661889864371519       0.47496919170517748        2.5250308082948223     
 NBEST =                     1
 OLD NP    19.830380374420148        2.4995123475593743       0.75351758908606581        19.830380374420148        2.4995123475593743       0.75351758908606581        2.2464824109139343        11764.503941092546     
 NEW NP    20.402156374493924        2.5661889864371519       0.47496919170517748        20.402156374493924        2.5661889864371519       0.47496919170517748        2.5250308082948223        11636.153974484383     
   20.192251745247489        2.9983011967533768        5.2853256881097377E-002   18823.797794456430        20.192251745247489        2.9983011967533768        5.2853256881097377E-002   2.9471467431189025     
 NBEST =                     4
 OLD NP    20.402156374493924        2.5661889864371519       0.47496919170517748        20.402156374493924        2.5661889864371519       0.47496919170517748        2.5250308082948223        11636.153974484383     
 NEW NP    20.402156374493924        2.5661889864371519       0.47496919170517748        20.402156374493924        2.5661889864371519       0.47496919170517748        2.5250308082948223        11636.153974484383     
   20.329903864530859        2.3312798260214471       0.27042590610090278        12776.824800407168        20.329903864530859        2.3312798260214471       0.27042590610090278        2.7295740938990973     
 NBEST =                     4
 OLD NP    20.402156374493924        2.5661889864371519       0.47496919170517748        20.402156374493924        2.5661889864371519       0.47496919170517748        2.5250308082948223        11636.153974484383     
 NEW NP    20.402156374493924        2.5661889864371519       0.47496919170517748        20.402156374493924        2.5661889864371519       0.47496919170517748        2.5250308082948223        11636.153974484383     
   20.691179785303905        2.3003364788250633       0.97969752488649764        11477.675168133148        20.691179785303905        2.3003364788250633       0.97969752488649764        2.0203024751135024     
 NBEST =                     3
 OLD NP    20.402156374493924        2.5661889864371519       0.47496919170517748        20.402156374493924        2.5661889864371519       0.47496919170517748        2.5250308082948223        11636.153974484383     
 NEW NP    20.691179785303905        2.3003364788250633       0.97969752488649764        20.691179785303905        2.3003364788250633       0.97969752488649764        2.0203024751135024        11477.675168133148     
   20.747538089564276        2.5808373938582592        1.1224689251577058        11481.344679315473        20.747538089564276        2.5808373938582592        1.1224689251577058        1.8775310748422942     
 NBEST =                     4
 OLD NP    20.691179785303905        2.3003364788250633       0.97969752488649764        20.691179785303905        2.3003364788250633       0.97969752488649764        2.0203024751135024        11477.675168133148     
 NEW NP    20.691179785303905        2.3003364788250633       0.97969752488649764        20.691179785303905        2.3003364788250633       0.97969752488649764        2.0203024751135024        11477.675168133148     
   20.831868812017358        2.3103816717786585       0.90442558128738570        11394.582282452249        20.831868812017358        2.3103816717786585       0.90442558128738570        2.0955744187126144     
 NBEST =                     1
 OLD NP    20.691179785303905        2.3003364788250633       0.97969752488649764        20.691179785303905        2.3003364788250633       0.97969752488649764        2.0203024751135024        11477.675168133148     
 NEW NP    20.831868812017358        2.3103816717786585       0.90442558128738570        20.831868812017358        2.3103816717786585       0.90442558128738570        2.0955744187126144        11394.582282452249     
   21.145380767675910        2.2571419743546244       0.87101176967729244        11260.378967342049        21.145380767675910        2.2571419743546244       0.87101176967729244        2.1289882303227077     
 NBEST =                     3
 OLD NP    20.831868812017358        2.3103816717786585       0.90442558128738570        20.831868812017358        2.3103816717786585       0.90442558128738570        2.0955744187126144        11394.582282452249     
 NEW NP    21.145380767675910        2.2571419743546244       0.87101176967729244        21.145380767675910        2.2571419743546244       0.87101176967729244        2.1289882303227077        11260.378967342049     
   21.388889249406269        2.3031951790345042       0.66896371550934441        11097.117508468908        21.388889249406269        2.3031951790345042       0.66896371550934441        2.3310362844906556     
 NBEST =                     1
 OLD NP    21.145380767675910        2.2571419743546244       0.87101176967729244        21.145380767675910        2.2571419743546244       0.87101176967729244        2.1289882303227077        11260.378967342049     
 NEW NP    21.388889249406269        2.3031951790345042       0.66896371550934441        21.388889249406269        2.3031951790345042       0.66896371550934441        2.3310362844906556        11097.117508468908     
   21.641709065222173        2.3369131580938345       0.47612717035274449        11076.241013922261        21.641709065222173        2.3369131580938345       0.47612717035274449        2.5238728296472557     
 NBEST =                     1
 OLD NP    21.388889249406269        2.3031951790345042       0.66896371550934441        21.388889249406269        2.3031951790345042       0.66896371550934441        2.3310362844906556        11097.117508468908     
 NEW NP    21.641709065222173        2.3369131580938345       0.47612717035274449        21.641709065222173        2.3369131580938345       0.47612717035274449        2.5238728296472557        11076.241013922261     
   21.831188447437860        2.1717448956418393       0.67375738900039039        10927.313450800670        21.831188447437860        2.1717448956418393       0.67375738900039039        2.3262426109996097     
 NBEST =                     3
 OLD NP    21.641709065222173        2.3369131580938345       0.47612717035274449        21.641709065222173        2.3369131580938345       0.47612717035274449        2.5238728296472557        11076.241013922261     
 NEW NP    21.831188447437860        2.1717448956418393       0.67375738900039039        21.831188447437860        2.1717448956418393       0.67375738900039039        2.3262426109996097        10927.313450800670     
   21.868813149465062        1.8570781826627110       0.63121404558169447        10932.501966216048        21.868813149465062        1.8570781826627110       0.63121404558169447        2.3687859544183056     
 NBEST =                     4
 OLD NP    21.831188447437860        2.1717448956418393       0.67375738900039039        21.831188447437860        2.1717448956418393       0.67375738900039039        2.3262426109996097        10927.313450800670     
 NEW NP    21.831188447437860        2.1717448956418393       0.67375738900039039        21.831188447437860        2.1717448956418393       0.67375738900039039        2.3262426109996097        10927.313450800670     
   22.053679384002383        2.1769041326504186       0.90334802458707175        10925.406441071726        22.053679384002383        2.1769041326504186       0.90334802458707175        2.0966519754129282     
 NBEST =                     3
 OLD NP    21.831188447437860        2.1717448956418393       0.67375738900039039        21.831188447437860        2.1717448956418393       0.67375738900039039        2.3262426109996097        10927.313450800670     
 NEW NP    22.053679384002383        2.1769041326504186       0.90334802458707175        22.053679384002383        2.1769041326504186       0.90334802458707175        2.0966519754129282        10925.406441071726     
   22.166823517720985        2.2094503322828416       0.79518461336684898        10833.043041616824        22.166823517720985        2.2094503322828416       0.79518461336684898        2.2048153866331512     
 NBEST =                     1
 OLD NP    22.053679384002383        2.1769041326504186       0.90334802458707175        22.053679384002383        2.1769041326504186       0.90334802458707175        2.0966519754129282        10925.406441071726     
 NEW NP    22.166823517720985        2.2094503322828416       0.79518461336684898        22.166823517720985        2.2094503322828416       0.79518461336684898        2.2048153866331512        10833.043041616824     
   22.279983857111485        2.2421588884051067       0.68708715004016108        10745.800451583969        22.279983857111485        2.2421588884051067       0.68708715004016108        2.3129128499598388     
 NBEST =                     1
 OLD NP    22.166823517720985        2.2094503322828416       0.79518461336684898        22.166823517720985        2.2094503322828416       0.79518461336684898        2.2048153866331512        10833.043041616824     
 NEW NP    22.279983857111485        2.2421588884051067       0.68708715004016108        22.279983857111485        2.2421588884051067       0.68708715004016108        2.3129128499598388        10745.800451583969     
   22.396370750486877        2.2750408048046427       0.58252595142155139        10684.596877379252        22.396370750486877        2.2750408048046427       0.58252595142155139        2.4174740485784487     
 NBEST =                     1
 OLD NP    22.279983857111485        2.2421588884051067       0.68708715004016108        22.279983857111485        2.2421588884051067       0.68708715004016108        2.3129128499598388        10745.800451583969     
 NEW NP    22.396370750486877        2.2750408048046427       0.58252595142155139        22.396370750486877        2.2750408048046427       0.58252595142155139        2.4174740485784487        10684.596877379252     
   22.546569968567919        2.3054247553457845       0.53694981655253238        10636.722743605082        22.546569968567919        2.3054247553457845       0.53694981655253238        2.4630501834474678     
 NBEST =                     3
 OLD NP    22.396370750486877        2.2750408048046427       0.58252595142155139        22.396370750486877        2.2750408048046427       0.58252595142155139        2.4174740485784487        10684.596877379252     
 NEW NP    22.546569968567919        2.3054247553457845       0.53694981655253238        22.546569968567919        2.3054247553457845       0.53694981655253238        2.4630501834474678        10636.722743605082     
   22.596430028846502        2.4226896747017053       0.44039368412322033        10743.629682431301        22.596430028846502        2.4226896747017053       0.44039368412322033        2.5596063158767794     
 NBEST =                     4
 OLD NP    22.546569968567919        2.3054247553457845       0.53694981655253238        22.546569968567919        2.3054247553457845       0.53694981655253238        2.4630501834474678        10636.722743605082     
 NEW NP    22.546569968567919        2.3054247553457845       0.53694981655253238        22.546569968567919        2.3054247553457845       0.53694981655253238        2.4630501834474678        10636.722743605082     
   22.520631204632267        2.2642402765123659       0.47353796721212438        10707.652916800584        22.520631204632267        2.2642402765123659       0.47353796721212438        2.5264620327878755     
 NBEST =                     4
 OLD NP    22.546569968567919        2.3054247553457845       0.53694981655253238        22.546569968567919        2.3054247553457845       0.53694981655253238        2.4630501834474678        10636.722743605082     
 NEW NP    22.546569968567919        2.3054247553457845       0.53694981655253238        22.546569968567919        2.3054247553457845       0.53694981655253238        2.4630501834474678        10636.722743605082     
   22.657443351099911        2.2509847122262623       0.63845621232787697        10584.671006716493        22.657443351099911        2.2509847122262623       0.63845621232787697        2.3615437876721233     
 NBEST =                     1
 OLD NP    22.546569968567919        2.3054247553457845       0.53694981655253238        22.546569968567919        2.3054247553457845       0.53694981655253238        2.4630501834474678        10636.722743605082     
 NEW NP    22.657443351099911        2.2509847122262623       0.63845621232787697        22.657443351099911        2.2509847122262623       0.63845621232787697        2.3615437876721233        10584.671006716493     
   22.598221189906010        2.2811553088447249       0.78386131662429115        10656.043182046746        22.598221189906010        2.2811553088447249       0.78386131662429115        2.2161386833757089     
 NBEST =                     4
 OLD NP    22.657443351099911        2.2509847122262623       0.63845621232787697        22.657443351099911        2.2509847122262623       0.63845621232787697        2.3615437876721233        10584.671006716493     
 NEW NP    22.657443351099911        2.2509847122262623       0.63845621232787697        22.657443351099911        2.2509847122262623       0.63845621232787697        2.3615437876721233        10584.671006716493     
   22.675455675293243        2.3283767333767540       0.62973413416630553        10569.793213751094        22.675455675293243        2.3283767333767540       0.62973413416630553        2.3702658658336944     
 NBEST =                     1
 OLD NP    22.657443351099911        2.2509847122262623       0.63845621232787697        22.657443351099911        2.2509847122262623       0.63845621232787697        2.3615437876721233        10584.671006716493     
 NEW NP    22.675455675293243        2.3283767333767540       0.62973413416630553        22.675455675293243        2.3283767333767540       0.62973413416630553        2.3702658658336944        10569.793213751094     
   22.834654508799243        2.3208508475116654       0.61711406742652986        10506.299200364814        22.834654508799243        2.3208508475116654       0.61711406742652986        2.3828859325734699     
 NBEST =                     3
 OLD NP    22.675455675293243        2.3283767333767540       0.62973413416630553        22.675455675293243        2.3283767333767540       0.62973413416630553        2.3702658658336944        10569.793213751094     
 NEW NP    22.834654508799243        2.3208508475116654       0.61711406742652986        22.834654508799243        2.3208508475116654       0.61711406742652986        2.3828859325734699        10506.299200364814     
   22.950126638563319        2.3410750701235408       0.50840647017714091        10491.579442271472        22.950126638563319        2.3410750701235408       0.50840647017714091        2.4915935298228593     
 NBEST =                     2
 OLD NP    22.834654508799243        2.3208508475116654       0.61711406742652986        22.834654508799243        2.3208508475116654       0.61711406742652986        2.3828859325734699        10506.299200364814     
 NEW NP    22.950126638563319        2.3410750701235408       0.50840647017714091        22.950126638563319        2.3410750701235408       0.50840647017714091        2.4915935298228593        10491.579442271472     
   23.071318486728167        2.3777203346172113       0.60602733967141842        10408.456369753651        23.071318486728167        2.3777203346172113       0.60602733967141842        2.3939726603285818     
 NBEST =                     1
 OLD NP    22.950126638563319        2.3410750701235408       0.50840647017714091        22.950126638563319        2.3410750701235408       0.50840647017714091        2.4915935298228593        10491.579442271472     
 NEW NP    23.071318486728167        2.3777203346172113       0.60602733967141842        23.071318486728167        2.3777203346172113       0.60602733967141842        2.3939726603285818        10408.456369753651     
   23.199172046201639        2.3821793098672344       0.70191142855963939        10383.461644732299        23.199172046201639        2.3821793098672344       0.70191142855963939        2.2980885714403607     
 NBEST =                     2
 OLD NP    23.071318486728167        2.3777203346172113       0.60602733967141842        23.071318486728167        2.3777203346172113       0.60602733967141842        2.3939726603285818        10408.456369753651     
 NEW NP    23.199172046201639        2.3821793098672344       0.70191142855963939        23.199172046201639        2.3821793098672344       0.70191142855963939        2.2980885714403607        10383.461644732299     
   23.214186214212035        2.5412714901512428       0.69696910484729169        10361.128879413200        23.214186214212035        2.5412714901512428       0.69696910484729169        2.3030308951527081     
 NBEST =                     1
 OLD NP    23.199172046201639        2.3821793098672344       0.70191142855963939        23.199172046201639        2.3821793098672344       0.70191142855963939        2.2980885714403607        10383.461644732299     
 NEW NP    23.214186214212035        2.5412714901512428       0.69696910484729169        23.214186214212035        2.5412714901512428       0.69696910484729169        2.3030308951527081        10361.128879413200     
   23.262133019297305        2.5347698175108748       0.63333832972194104        10325.393918204856        23.262133019297305        2.5347698175108748       0.63333832972194104        2.3666616702780590     
 NBEST =                     3
 OLD NP    23.214186214212035        2.5412714901512428       0.69696910484729169        23.214186214212035        2.5412714901512428       0.69696910484729169        2.3030308951527081        10361.128879413200     
 NEW NP    23.262133019297305        2.5347698175108748       0.63333832972194104        23.262133019297305        2.5347698175108748       0.63333832972194104        2.3666616702780590        10325.393918204856     
   23.391431172474725        2.5655803310540284       0.54449648444418286        10283.201543688574        23.391431172474725        2.5655803310540284       0.54449648444418286        2.4555035155558169     
 NBEST =                     2
 OLD NP    23.262133019297305        2.5347698175108748       0.63333832972194104        23.262133019297305        2.5347698175108748       0.63333832972194104        2.3666616702780590        10325.393918204856     
 NEW NP    23.391431172474725        2.5655803310540284       0.54449648444418286        23.391431172474725        2.5655803310540284       0.54449648444418286        2.4555035155558169        10283.201543688574     
   23.347924085001154        2.5938698720907643       0.39327807009017796        10600.378367314046        23.347924085001154        2.5938698720907643       0.39327807009017796        2.6067219299098219     
 NBEST =                     4
 OLD NP    23.391431172474725        2.5655803310540284       0.54449648444418286        23.391431172474725        2.5655803310540284       0.54449648444418286        2.4555035155558169        10283.201543688574     
 NEW NP    23.391431172474725        2.5655803310540284       0.54449648444418286        23.391431172474725        2.5655803310540284       0.54449648444418286        2.4555035155558169        10283.201543688574     
   23.389932011274151        2.4869426961874517       0.53021648772338470        10294.863739280350        23.389932011274151        2.4869426961874517       0.53021648772338470        2.4697835122766154     
 NBEST =                     4
 OLD NP    23.391431172474725        2.5655803310540284       0.54449648444418286        23.391431172474725        2.5655803310540284       0.54449648444418286        2.4555035155558169        10283.201543688574     
 NEW NP    23.391431172474725        2.5655803310540284       0.54449648444418286        23.391431172474725        2.5655803310540284       0.54449648444418286        2.4555035155558169        10283.201543688574     
   23.512167914861397        2.5543298396540624       0.64868976212252050        10231.337538936143        23.512167914861397        2.5543298396540624       0.64868976212252050        2.3513102378774793     
 NBEST =                     1
 OLD NP    23.391431172474725        2.5655803310540284       0.54449648444418286        23.391431172474725        2.5655803310540284       0.54449648444418286        2.4555035155558169        10283.201543688574     
 NEW NP    23.512167914861397        2.5543298396540624       0.64868976212252050        23.512167914861397        2.5543298396540624       0.64868976212252050        2.3513102378774793        10231.337538936143     
   23.664409990421134        2.6029394589191228       0.65312022219008525        10170.834825083741        23.664409990421134        2.6029394589191228       0.65312022219008525        2.3468797778099146     
 NBEST =                     3
 OLD NP    23.512167914861397        2.5543298396540624       0.64868976212252050        23.512167914861397        2.5543298396540624       0.64868976212252050        2.3513102378774793        10231.337538936143     
 NEW NP    23.664409990421134        2.6029394589191228       0.65312022219008525        23.664409990421134        2.6029394589191228       0.65312022219008525        2.3468797778099146        10170.834825083741     
   23.810383150773344        2.6536844989601245       0.69407081437465068        10126.350237761413        23.810383150773344        2.6536844989601245       0.69407081437465068        2.3059291856253492     
 NBEST =                     3
 OLD NP    23.664409990421134        2.6029394589191228       0.65312022219008525        23.664409990421134        2.6029394589191228       0.65312022219008525        2.3468797778099146        10170.834825083741     
 NEW NP    23.810383150773344        2.6536844989601245       0.69407081437465068        23.810383150773344        2.6536844989601245       0.69407081437465068        2.3059291856253492        10126.350237761413     
   23.821362728921528        2.6512122234924944       0.85354968554554156        10206.269510517026        23.821362728921528        2.6512122234924944       0.85354968554554156        2.1464503144544587     
 NBEST =                     4
 OLD NP    23.810383150773344        2.6536844989601245       0.69407081437465068        23.810383150773344        2.6536844989601245       0.69407081437465068        2.3059291856253492        10126.350237761413     
 NEW NP    23.810383150773344        2.6536844989601245       0.69407081437465068        23.810383150773344        2.6536844989601245       0.69407081437465068        2.3059291856253492        10126.350237761413     
   23.837367927945010        2.5784998952384530       0.69104747643933562        10122.065496016308        23.837367927945010        2.5784998952384530       0.69104747643933562        2.3089525235606643     
 NBEST =                     1
 OLD NP    23.810383150773344        2.6536844989601245       0.69407081437465068        23.810383150773344        2.6536844989601245       0.69407081437465068        2.3059291856253492        10126.350237761413     
 NEW NP    23.837367927945010        2.5784998952384530       0.69104747643933562        23.837367927945010        2.5784998952384530       0.69104747643933562        2.3089525235606643        10122.065496016308     
   23.934616993197306        2.6049959577534425       0.56694771168936553        10061.688346361983        23.934616993197306        2.6049959577534425       0.56694771168936553        2.4330522883106345     
 NBEST =                     2
 OLD NP    23.837367927945010        2.5784998952384530       0.69104747643933562        23.837367927945010        2.5784998952384530       0.69104747643933562        2.3089525235606643        10122.065496016308     
 NEW NP    23.934616993197306        2.6049959577534425       0.56694771168936553        23.934616993197306        2.6049959577534425       0.56694771168936553        2.4330522883106345        10061.688346361983     
   24.068749499857311        2.6337902971324261       0.48485306929978672        10067.685539166949        24.068749499857311        2.6337902971324261       0.48485306929978672        2.5151469307002134     
 NBEST =                     4
 OLD NP    23.934616993197306        2.6049959577534425       0.56694771168936553        23.934616993197306        2.6049959577534425       0.56694771168936553        2.4330522883106345        10061.688346361983     
 NEW NP    23.934616993197306        2.6049959577534425       0.56694771168936553        23.934616993197306        2.6049959577534425       0.56694771168936553        2.4330522883106345        10061.688346361983     
 NP
   23.934616993197306        2.6049959577534425       0.56694771168936553        10061.688346361983        23.934616993197306        2.6049959577534425       0.56694771168936553        2.4330522883106345     
