  0.52368630497038404      -0.20153895248024875        4.3238720157142998        8.3810179211088318       0.52368630497038404      -0.20153895248024875        4.3238720157142998       0.67612798428570020       -9.0107345036576110        15.010734503657611     
   1.8969334464452938      -0.20153895248024875        4.3238720157142998        10.224304770219799        1.8969334464452938      -0.20153895248024875        4.3238720157142998       0.67612798428570020       -12.334843657886896        18.334843657886896     
  0.52368630497038404        1.1717081889946612        4.3238720157142998        9.7542650625837428       0.52368630497038404        1.1717081889946612        4.3238720157142998       0.67612798428570020       -10.343016634447922        16.343016634447924     
  0.52368630497038404      -0.20153895248024875        5.6971191571892099        9.7542650625837428       0.52368630497038404      -0.20153895248024875        5.6971191571892099      -0.69711915718920991       -22.772031986592665        28.772031986592665     
 NBEST =                     4
 OLD NP   0.52368630497038404      -0.20153895248024875        4.3238720157142998       0.52368630497038404      -0.20153895248024875        4.3238720157142998       0.67612798428570020       -9.0107345036576110        15.010734503657611        8.3810179211088318     
 NEW NP   0.52368630497038404      -0.20153895248024875        4.3238720157142998       0.52368630497038404      -0.20153895248024875        4.3238720157142998       0.67612798428570020       -9.0107345036576110        15.010734503657611        8.3810179211088318     
  -1.1102230246251565E-016  0.46057176657572851        3.4870836784718744        3.9476554450476016       -1.1102230246251565E-016  0.46057176657572851        3.4870836784718744        1.5129163215281256       -2.3718789328316259        8.3718789328316277     
 NBEST =                     3
 OLD NP   0.52368630497038404      -0.20153895248024875        4.3238720157142998       0.52368630497038404      -0.20153895248024875        4.3238720157142998       0.67612798428570020       -9.0107345036576110        15.010734503657611        8.3810179211088318     
 NEW NP   -1.1102230246251565E-016  0.46057176657572851        3.4870836784718744       -1.1102230246251565E-016  0.46057176657572851        3.4870836784718744        1.5129163215281256       -2.3718789328316259        8.3718789328316277        3.9476554450476016     
  0.38906550583191579       -2.2204460492503131E-016   2.2532646513961532        5.6836470198096274       0.38906550583191579       -2.2204460492503131E-016   2.2532646513961532        2.7467353486038468        4.7714264429403270        1.2285735570596721     
 NBEST =                     4
 OLD NP   -1.1102230246251565E-016  0.46057176657572851        3.4870836784718744       -1.1102230246251565E-016  0.46057176657572851        3.4870836784718744        1.5129163215281256       -2.3718789328316259        8.3718789328316277        3.9476554450476016     
 NEW NP   -1.1102230246251565E-016  0.46057176657572851        3.4870836784718744       -1.1102230246251565E-016  0.46057176657572851        3.4870836784718744        1.5129163215281256       -2.3718789328316259        8.3718789328316277        3.9476554450476016     
   2.3069696129522016E-016   1.1102230246251565E-016   2.9778434839412720        2.9778434839412746        2.3069696129522016E-016   1.1102230246251565E-016   2.9778434839412720        2.0221565160587280        1.1324481851485082        4.8675518148514918     
 NBEST =                     2
 OLD NP   -1.1102230246251565E-016  0.46057176657572851        3.4870836784718744       -1.1102230246251565E-016  0.46057176657572851        3.4870836784718744        1.5129163215281256       -2.3718789328316259        8.3718789328316277        3.9476554450476016     
 NEW NP    2.3069696129522016E-016   1.1102230246251565E-016   2.9778434839412720        2.3069696129522016E-016   1.1102230246251565E-016   2.9778434839412720        2.0221565160587280        1.1324481851485082        4.8675518148514918        2.9778434839412746     
   2.2438456706192451E-018   1.1434579462245930E-016   2.2912199132038169        2.2912199132038169        2.2438456706192451E-018   1.1434579462245930E-016   2.2912199132038169        2.7087800867961831        4.7503113093382936        1.2496886906617064     
 NBEST =                     3
 OLD NP    2.3069696129522016E-016   1.1102230246251565E-016   2.9778434839412720        2.3069696129522016E-016   1.1102230246251565E-016   2.9778434839412720        2.0221565160587280        1.1324481851485082        4.8675518148514918        2.9778434839412746     
 NEW NP    2.2438456706192451E-018   1.1434579462245930E-016   2.2912199132038169        2.2438456706192451E-018   1.1434579462245930E-016   2.2912199132038169        2.7087800867961831        4.7503113093382936        1.2496886906617064        2.2912199132038169     
 NBEST =                     4
 OLD NP    2.2438456706192451E-018   1.1434579462245930E-016   2.2912199132038169        2.2438456706192451E-018   1.1434579462245930E-016   2.2912199132038169        2.7087800867961831        4.7503113093382936        1.2496886906617064        2.2912199132038169     
 NEW NP    2.2438456706192451E-018   1.1434579462245930E-016   2.2912199132038169        2.2438456706192451E-018   1.1434579462245930E-016   2.2912199132038169        2.7087800867961831        4.7503113093382936        1.2496886906617064        2.2912199132038169     
  -3.0933471127784382E-018  -2.4651903288156619E-032   2.0540451828069841        2.0540451828069841       -3.0933471127784382E-018  -2.4651903288156619E-032   2.0540451828069841        2.9459548171930159        5.7808983869874231       0.21910161301257691     
 NBEST =                     3
 OLD NP    2.2438456706192451E-018   1.1434579462245930E-016   2.2912199132038169        2.2438456706192451E-018   1.1434579462245930E-016   2.2912199132038169        2.7087800867961831        4.7503113093382936        1.2496886906617064        2.2912199132038169     
 NEW NP   -3.0933471127784382E-018  -2.4651903288156619E-032   2.0540451828069841       -3.0933471127784382E-018  -2.4651903288156619E-032   2.0540451828069841        2.9459548171930159        5.7808983869874231       0.21910161301257691        2.0540451828069841     
 NBEST =                     4
 OLD NP   -3.0933471127784382E-018  -2.4651903288156619E-032   2.0540451828069841       -3.0933471127784382E-018  -2.4651903288156619E-032   2.0540451828069841        2.9459548171930159        5.7808983869874231       0.21910161301257691        2.0540451828069841     
 NEW NP   -3.0933471127784382E-018  -2.4651903288156619E-032   2.0540451828069841       -3.0933471127784382E-018  -2.4651903288156619E-032   2.0540451828069841        2.9459548171930159        5.7808983869874231       0.21910161301257691        2.0540451828069841     
  -6.9413779302056424E-017 -0.17165589268436371        2.0540451828069841        1.8823892901226196       -6.9413779302056424E-017 -0.17165589268436371        2.0540451828069841        2.9459548171930159        5.7514326414941577       0.24856735850584277     
 NBEST =                     2
 OLD NP   -3.0933471127784382E-018  -2.4651903288156619E-032   2.0540451828069841       -3.0933471127784382E-018  -2.4651903288156619E-032   2.0540451828069841        2.9459548171930159        5.7808983869874231       0.21910161301257691        2.0540451828069841     
 NEW NP   -6.9413779302056424E-017 -0.17165589268436371        2.0540451828069841       -6.9413779302056424E-017 -0.17165589268436371        2.0540451828069841        2.9459548171930159        5.7514326414941577       0.24856735850584277        1.8823892901226196     
 NBEST =                     2
 OLD NP   -6.9413779302056424E-017 -0.17165589268436371        2.0540451828069841       -6.9413779302056424E-017 -0.17165589268436371        2.0540451828069841        2.9459548171930159        5.7514326414941577       0.24856735850584277        1.8823892901226196     
 NEW NP   -3.0933471127784352E-018   0.0000000000000000        2.0540451828069841       -3.0933471127784382E-018  -2.4651903288156619E-032   2.0540451828069841        2.9459548171930159        5.7808983869874231       0.21910161301257691        2.0540451828069841     
 NBEST =                     4
 OLD NP   -3.0933471127784352E-018   0.0000000000000000        2.0540451828069841       -3.0933471127784382E-018  -2.4651903288156619E-032   2.0540451828069841        2.9459548171930159        5.7808983869874231       0.21910161301257691        2.0540451828069841     
 NEW NP   -3.0933471127784352E-018   0.0000000000000000        2.0540451828069841       -3.0933471127784382E-018  -2.4651903288156619E-032   2.0540451828069841        2.9459548171930159        5.7808983869874231       0.21910161301257691        2.0540451828069841     
 NBEST =                     4
 OLD NP   -3.0933471127784352E-018   0.0000000000000000        2.0540451828069841       -3.0933471127784382E-018  -2.4651903288156619E-032   2.0540451828069841        2.9459548171930159        5.7808983869874231       0.21910161301257691        2.0540451828069841     
 NEW NP   -3.0933471127784352E-018   0.0000000000000000        2.0540451828069841       -3.0933471127784382E-018  -2.4651903288156619E-032   2.0540451828069841        2.9459548171930159        5.7808983869874231       0.21910161301257691        2.0540451828069841     
  -8.5827946342181854E-002   3.3160216094639000E-017   2.0540451828069841        1.0651069086973028       -8.5827946342181854E-002   3.3160216094639000E-017   2.0540451828069841        2.9459548171930159        5.7735319506141058       0.22646804938589327     
 NBEST =                     1
 OLD NP   -3.0933471127784352E-018   0.0000000000000000        2.0540451828069841       -3.0933471127784382E-018  -2.4651903288156619E-032   2.0540451828069841        2.9459548171930159        5.7808983869874231       0.21910161301257691        2.0540451828069841     
 NEW NP   -8.5827946342181854E-002   3.3160216094639000E-017   2.0540451828069841       -8.5827946342181854E-002   3.3160216094639000E-017   2.0540451828069841        2.9459548171930159        5.7735319506141058       0.22646804938589327        1.0651069086973028     
 NBEST =                     1
 OLD NP   -8.5827946342181854E-002   3.3160216094639000E-017   2.0540451828069841       -8.5827946342181854E-002   3.3160216094639000E-017   2.0540451828069841        2.9459548171930159        5.7735319506141058       0.22646804938589327        1.0651069086973028     
 NEW NP    0.0000000000000000        0.0000000000000000        2.0540451828069841       -3.0933471127784382E-018  -2.4651903288156619E-032   2.0540451828069841        2.9459548171930159        5.7808983869874231       0.21910161301257691        2.0540451828069841     
 NBEST =                     4
 OLD NP    0.0000000000000000        0.0000000000000000        2.0540451828069841       -3.0933471127784382E-018  -2.4651903288156619E-032   2.0540451828069841        2.9459548171930159        5.7808983869874231       0.21910161301257691        2.0540451828069841     
 NEW NP    0.0000000000000000        0.0000000000000000        2.0540451828069841       -3.0933471127784382E-018  -2.4651903288156619E-032   2.0540451828069841        2.9459548171930159        5.7808983869874231       0.21910161301257691        2.0540451828069841     
   1.1346809727800936E-018  -3.0933471127784136E-018   2.0036221112172381        2.0036221112172381        1.1346809727800936E-018  -3.0933471127784136E-018   2.0036221112172381        2.9963778887827619        5.9854984354413778        1.4501564558622171E-002
 NBEST =                     3
 OLD NP    0.0000000000000000        0.0000000000000000        2.0540451828069841       -3.0933471127784382E-018  -2.4651903288156619E-032   2.0540451828069841        2.9459548171930159        5.7808983869874231       0.21910161301257691        2.0540451828069841     
 NEW NP    1.1346809727800936E-018  -3.0933471127784136E-018   2.0036221112172381        1.1346809727800936E-018  -3.0933471127784136E-018   2.0036221112172381        2.9963778887827619        5.9854984354413778        1.4501564558622171E-002   2.0036221112172381     
 NBEST =                     4
 OLD NP    1.1346809727800936E-018  -3.0933471127784136E-018   2.0036221112172381        1.1346809727800936E-018  -3.0933471127784136E-018   2.0036221112172381        2.9963778887827619        5.9854984354413778        1.4501564558622171E-002   2.0036221112172381     
 NEW NP    1.1346809727800936E-018  -3.0933471127784136E-018   2.0036221112172381        1.1346809727800936E-018  -3.0933471127784136E-018   2.0036221112172381        2.9963778887827619        5.9854984354413778        1.4501564558622171E-002   2.0036221112172381     
 NBEST =                     4
 OLD NP    1.1346809727800936E-018  -3.0933471127784136E-018   2.0036221112172381        1.1346809727800936E-018  -3.0933471127784136E-018   2.0036221112172381        2.9963778887827619        5.9854984354413778        1.4501564558622171E-002   2.0036221112172381     
 NEW NP    1.1346809727800936E-018  -3.0933471127784136E-018   2.0036221112172381        1.1346809727800936E-018  -3.0933471127784136E-018   2.0036221112172381        2.9963778887827619        5.9854984354413778        1.4501564558622171E-002   2.0036221112172381     
   9.4247349964398448E-018   2.1456986585545464E-002   2.0036221112172381        2.0250790978027835        9.4247349964398448E-018   2.1456986585545464E-002   2.0036221112172381        2.9963778887827619        5.9850380331680464        1.4961966831954499E-002
 NBEST =                     4
 OLD NP    1.1346809727800936E-018  -3.0933471127784136E-018   2.0036221112172381        1.1346809727800936E-018  -3.0933471127784136E-018   2.0036221112172381        2.9963778887827619        5.9854984354413778        1.4501564558622171E-002   2.0036221112172381     
 NEW NP    1.1346809727800936E-018  -3.0933471127784136E-018   2.0036221112172381        1.1346809727800936E-018  -3.0933471127784136E-018   2.0036221112172381        2.9963778887827619        5.9854984354413778        1.4501564558622171E-002   2.0036221112172381     
 NBEST =                     4
 OLD NP    1.1346809727800936E-018  -3.0933471127784136E-018   2.0036221112172381        1.1346809727800936E-018  -3.0933471127784136E-018   2.0036221112172381        2.9963778887827619        5.9854984354413778        1.4501564558622171E-002   2.0036221112172381     
 NEW NP    1.1346809727800936E-018  -3.0933471127784136E-018   2.0036221112172381        1.1346809727800936E-018  -3.0933471127784136E-018   2.0036221112172381        2.9963778887827619        5.9854984354413778        1.4501564558622171E-002   2.0036221112172381     
  -2.1456986585545467E-002   5.1967069108813365E-018   2.0036221112172381        1.7648229662908415       -2.1456986585545467E-002   5.1967069108813365E-018   2.0036221112172381        2.9963778887827619        5.9850380331680464        1.4961966831954499E-002
 NBEST =                     4
 OLD NP    1.1346809727800936E-018  -3.0933471127784136E-018   2.0036221112172381        1.1346809727800936E-018  -3.0933471127784136E-018   2.0036221112172381        2.9963778887827619        5.9854984354413778        1.4501564558622171E-002   2.0036221112172381     
 NEW NP    1.1346809727800936E-018  -3.0933471127784136E-018   2.0036221112172381        1.1346809727800936E-018  -3.0933471127784136E-018   2.0036221112172381        2.9963778887827619        5.9854984354413778        1.4501564558622171E-002   2.0036221112172381     
 NBEST =                     4
 OLD NP    1.1346809727800936E-018  -3.0933471127784136E-018   2.0036221112172381        1.1346809727800936E-018  -3.0933471127784136E-018   2.0036221112172381        2.9963778887827619        5.9854984354413778        1.4501564558622171E-002   2.0036221112172381     
 NEW NP    1.1346809727800936E-018  -3.0933471127784136E-018   2.0036221112172381        1.1346809727800936E-018  -3.0933471127784136E-018   2.0036221112172381        2.9963778887827619        5.9854984354413778        1.4501564558622171E-002   2.0036221112172381     
 NBEST =                     4
 OLD NP    1.1346809727800936E-018  -3.0933471127784136E-018   2.0036221112172381        1.1346809727800936E-018  -3.0933471127784136E-018   2.0036221112172381        2.9963778887827619        5.9854984354413778        1.4501564558622171E-002   2.0036221112172381     
 NEW NP    1.1346809727800936E-018  -3.0933471127784136E-018   2.0036221112172381        1.1346809727800936E-018  -3.0933471127784136E-018   2.0036221112172381        2.9963778887827619        5.9854984354413778        1.4501564558622171E-002   2.0036221112172381     
   1.1346809727800936E-018  -2.0996011904281031E-018   2.0143506045100108        2.0143506045100108        1.1346809727800936E-018  -2.0996011904281031E-018   2.0143506045100108        2.9856493954899892        5.9423916421101541        5.7608357889845863E-002
 NBEST =                     4
 OLD NP    1.1346809727800936E-018  -3.0933471127784136E-018   2.0036221112172381        1.1346809727800936E-018  -3.0933471127784136E-018   2.0036221112172381        2.9963778887827619        5.9854984354413778        1.4501564558622171E-002   2.0036221112172381     
 NEW NP    1.1346809727800936E-018  -3.0933471127784136E-018   2.0036221112172381        1.1346809727800936E-018  -3.0933471127784136E-018   2.0036221112172381        2.9963778887827619        5.9854984354413778        1.4501564558622171E-002   2.0036221112172381     
 NBEST =                     4
 OLD NP    1.1346809727800936E-018  -3.0933471127784136E-018   2.0036221112172381        1.1346809727800936E-018  -3.0933471127784136E-018   2.0036221112172381        2.9963778887827619        5.9854984354413778        1.4501564558622171E-002   2.0036221112172381     
 NEW NP    1.1346809727800936E-018  -3.0933471127784136E-018   2.0036221112172381        1.1346809727800936E-018  -3.0933471127784136E-018   2.0036221112172381        2.9963778887827619        5.9854984354413778        1.4501564558622171E-002   2.0036221112172381     
 NBEST =                     4
 OLD NP    1.1346809727800936E-018  -3.0933471127784136E-018   2.0036221112172381        1.1346809727800936E-018  -3.0933471127784136E-018   2.0036221112172381        2.9963778887827619        5.9854984354413778        1.4501564558622171E-002   2.0036221112172381     
 NEW NP    1.1346809727800936E-018  -3.0933471127784136E-018   2.0036221112172381        1.1346809727800936E-018  -3.0933471127784136E-018   2.0036221112172381        2.9963778887827619        5.9854984354413778        1.4501564558622171E-002   2.0036221112172381     
  -3.0933471127784132E-018  -3.0933471127784136E-018   2.0000129367442856        2.0000129367442856       -3.0933471127784132E-018  -3.0933471127784136E-018   2.0000129367442856        2.9999870632557144        5.9999482528554982        5.1747144501845810E-005
 NBEST =                     3
 OLD NP    1.1346809727800936E-018  -3.0933471127784136E-018   2.0036221112172381        1.1346809727800936E-018  -3.0933471127784136E-018   2.0036221112172381        2.9963778887827619        5.9854984354413778        1.4501564558622171E-002   2.0036221112172381     
 NEW NP   -3.0933471127784132E-018  -3.0933471127784136E-018   2.0000129367442856       -3.0933471127784132E-018  -3.0933471127784136E-018   2.0000129367442856        2.9999870632557144        5.9999482528554982        5.1747144501845810E-005   2.0000129367442856     
 NBEST =                     4
 OLD NP   -3.0933471127784132E-018  -3.0933471127784136E-018   2.0000129367442856       -3.0933471127784132E-018  -3.0933471127784136E-018   2.0000129367442856        2.9999870632557144        5.9999482528554982        5.1747144501845810E-005   2.0000129367442856     
 NEW NP   -3.0933471127784132E-018  -3.0933471127784136E-018   2.0000129367442856       -3.0933471127784132E-018  -3.0933471127784136E-018   2.0000129367442856        2.9999870632557144        5.9999482528554982        5.1747144501845810E-005   2.0000129367442856     
  -2.0570903598209444E-018   2.6821233231931804E-003   2.0000129367442856        2.0026950600674787       -2.0570903598209444E-018   2.6821233231931804E-003   2.0000129367442856        2.9999870632557144        5.9999410590699771        5.8940930022455262E-005
 NBEST =                     4
 OLD NP   -3.0933471127784132E-018  -3.0933471127784136E-018   2.0000129367442856       -3.0933471127784132E-018  -3.0933471127784136E-018   2.0000129367442856        2.9999870632557144        5.9999482528554982        5.1747144501845810E-005   2.0000129367442856     
 NEW NP   -3.0933471127784132E-018  -3.0933471127784136E-018   2.0000129367442856       -3.0933471127784132E-018  -3.0933471127784136E-018   2.0000129367442856        2.9999870632557144        5.9999482528554982        5.1747144501845810E-005   2.0000129367442856     
 NBEST =                     4
 OLD NP   -3.0933471127784132E-018  -3.0933471127784136E-018   2.0000129367442856       -3.0933471127784132E-018  -3.0933471127784136E-018   2.0000129367442856        2.9999870632557144        5.9999482528554982        5.1747144501845810E-005   2.0000129367442856     
 NEW NP   -3.0933471127784132E-018  -3.0933471127784136E-018   2.0000129367442856       -3.0933471127784132E-018  -3.0933471127784136E-018   2.0000129367442856        2.9999870632557144        5.9999482528554982        5.1747144501845810E-005   2.0000129367442856     
  -2.6821233231931864E-003  -2.0570903598209444E-018   2.0000129367442856        1.9704663981814157       -2.6821233231931864E-003  -2.0570903598209444E-018   2.0000129367442856        2.9999870632557144        5.9999410590699771        5.8940930022455262E-005
 NBEST =                     4
 OLD NP   -3.0933471127784132E-018  -3.0933471127784136E-018   2.0000129367442856       -3.0933471127784132E-018  -3.0933471127784136E-018   2.0000129367442856        2.9999870632557144        5.9999482528554982        5.1747144501845810E-005   2.0000129367442856     
 NEW NP   -3.0933471127784132E-018  -3.0933471127784136E-018   2.0000129367442856       -3.0933471127784132E-018  -3.0933471127784136E-018   2.0000129367442856        2.9999870632557144        5.9999482528554982        5.1747144501845810E-005   2.0000129367442856     
 NBEST =                     4
 OLD NP   -3.0933471127784132E-018  -3.0933471127784136E-018   2.0000129367442856       -3.0933471127784132E-018  -3.0933471127784136E-018   2.0000129367442856        2.9999870632557144        5.9999482528554982        5.1747144501845810E-005   2.0000129367442856     
 NEW NP   -3.0933471127784132E-018  -3.0933471127784136E-018   2.0000129367442856       -3.0933471127784132E-018  -3.0933471127784136E-018   2.0000129367442856        2.9999870632557144        5.9999482528554982        5.1747144501845810E-005   2.0000129367442856     
 NBEST =                     4
 OLD NP   -3.0933471127784132E-018  -3.0933471127784136E-018   2.0000129367442856       -3.0933471127784132E-018  -3.0933471127784136E-018   2.0000129367442856        2.9999870632557144        5.9999482528554982        5.1747144501845810E-005   2.0000129367442856     
 NEW NP   -3.0933471127784132E-018  -3.0933471127784136E-018   2.0000129367442856       -3.0933471127784132E-018  -3.0933471127784136E-018   2.0000129367442856        2.9999870632557144        5.9999482528554982        5.1747144501845810E-005   2.0000129367442856     
 NBEST =                     4
 OLD NP   -3.0933471127784132E-018  -3.0933471127784136E-018   2.0000129367442856       -3.0933471127784132E-018  -3.0933471127784136E-018   2.0000129367442856        2.9999870632557144        5.9999482528554982        5.1747144501845810E-005   2.0000129367442856     
 NEW NP   -3.0933471127784132E-018  -3.0933471127784136E-018   2.0000129367442856       -3.0933471127784132E-018  -3.0933471127784136E-018   2.0000129367442856        2.9999870632557144        5.9999482528554982        5.1747144501845810E-005   2.0000129367442856     
  -2.5185339950250407E-018  -3.0866725989042374E-018   2.0005002079608487        2.0005002079608487       -2.5185339950250407E-018  -3.0866725989042374E-018   2.0005002079608487        2.9994997920391513        5.9979989179486006        2.0010820513993721E-003
 NBEST =                     4
 OLD NP   -3.0933471127784132E-018  -3.0933471127784136E-018   2.0000129367442856       -3.0933471127784132E-018  -3.0933471127784136E-018   2.0000129367442856        2.9999870632557144        5.9999482528554982        5.1747144501845810E-005   2.0000129367442856     
 NEW NP   -3.0933471127784132E-018  -3.0933471127784136E-018   2.0000129367442856       -3.0933471127784132E-018  -3.0933471127784136E-018   2.0000129367442856        2.9999870632557144        5.9999482528554982        5.1747144501845810E-005   2.0000129367442856     
 NBEST =                     4
 OLD NP   -3.0933471127784132E-018  -3.0933471127784136E-018   2.0000129367442856       -3.0933471127784132E-018  -3.0933471127784136E-018   2.0000129367442856        2.9999870632557144        5.9999482528554982        5.1747144501845810E-005   2.0000129367442856     
 NEW NP   -3.0933471127784132E-018  -3.0933471127784136E-018   2.0000129367442856       -3.0933471127784132E-018  -3.0933471127784136E-018   2.0000129367442856        2.9999870632557144        5.9999482528554982        5.1747144501845810E-005   2.0000129367442856     
  -4.8727121656310437E-004  -2.9050865341842255E-018   2.0000129367442856        1.9946515286469662       -4.8727121656310437E-004  -2.9050865341842255E-018   2.0000129367442856        2.9999870632557144        5.9999480154222589        5.1984577740249449E-005
 NBEST =                     4
 OLD NP   -3.0933471127784132E-018  -3.0933471127784136E-018   2.0000129367442856       -3.0933471127784132E-018  -3.0933471127784136E-018   2.0000129367442856        2.9999870632557144        5.9999482528554982        5.1747144501845810E-005   2.0000129367442856     
 NEW NP   -3.0933471127784132E-018  -3.0933471127784136E-018   2.0000129367442856       -3.0933471127784132E-018  -3.0933471127784136E-018   2.0000129367442856        2.9999870632557144        5.9999482528554982        5.1747144501845810E-005   2.0000129367442856     
 NBEST =                     4
 OLD NP   -3.0933471127784132E-018  -3.0933471127784136E-018   2.0000129367442856       -3.0933471127784132E-018  -3.0933471127784136E-018   2.0000129367442856        2.9999870632557144        5.9999482528554982        5.1747144501845810E-005   2.0000129367442856     
 NEW NP   -3.0933471127784132E-018  -3.0933471127784136E-018   2.0000129367442856       -3.0933471127784132E-018  -3.0933471127784136E-018   2.0000129367442856        2.9999870632557144        5.9999482528554982        5.1747144501845810E-005   2.0000129367442856     
  -2.9050865341842251E-018   4.8727121656309819E-004   2.0000129367442856        2.0005002079608487       -2.9050865341842251E-018   4.8727121656309819E-004   2.0000129367442856        2.9999870632557144        5.9999480154222589        5.1984577740249449E-005
 NBEST =                     4
 OLD NP   -3.0933471127784132E-018  -3.0933471127784136E-018   2.0000129367442856       -3.0933471127784132E-018  -3.0933471127784136E-018   2.0000129367442856        2.9999870632557144        5.9999482528554982        5.1747144501845810E-005   2.0000129367442856     
 NEW NP   -3.0933471127784132E-018  -3.0933471127784136E-018   2.0000129367442856       -3.0933471127784132E-018  -3.0933471127784136E-018   2.0000129367442856        2.9999870632557144        5.9999482528554982        5.1747144501845810E-005   2.0000129367442856     
 NP
  -3.0933471127784132E-018  -3.0933471127784136E-018   2.0000129367442856        2.0000129367442856       -3.0933471127784132E-018  -3.0933471127784136E-018   2.0000129367442856        2.9999870632557144        5.9999482528554982        5.1747144501845810E-005
