  0.64731697879874195      -0.28841909400558657        255.73012365568869       0.64731697879874195      -0.28841909400558657        9.3526830212012584        10.288419094005587       -1.1866985765595666        8.4977951551718647     
   1.8337940610358725      -0.28841909400558657        176.67251845851487        1.8337940610358725      -0.28841909400558657        8.1662059389641275        10.288419094005587       -1.5289012216767917        5.5540137679225596     
   1.8337940610358725       0.89805798823154381        150.36703621414219        1.8337940610358725       0.89805798823154381        8.1662059389641275        9.1019420117684557       0.64685340528482849        4.8306911914830746     
 NBEST =                     3
 OLD NP    1.8337940610358725       0.89805798823154381        1.8337940610358725       0.89805798823154381        8.1662059389641275        9.1019420117684557       0.64685340528482849        4.8306911914830746        150.36703621414219     
 NEW NP    1.8337940610358725       0.89805798823154381        1.8337940610358725       0.89805798823154381        8.1662059389641275        9.1019420117684557       0.64685340528482849        4.8306911914830746        150.36703621414219     
   2.9595859026498985        1.2726518963897440        87.024108218356005        2.9595859026498985        1.2726518963897440        7.0404140973501015        8.7273481036102556        2.7665226115357453       -1.3787915645484263     
 NBEST =                     1
 OLD NP    1.8337940610358725       0.89805798823154381        1.8337940610358725       0.89805798823154381        8.1662059389641275        9.1019420117684557       0.64685340528482849        4.8306911914830746        150.36703621414219     
 NEW NP    2.9595859026498985        1.2726518963897440        2.9595859026498985        1.2726518963897440        7.0404140973501015        8.7273481036102556        2.7665226115357453       -1.3787915645484263        87.024108218356005     
   2.5714094097122935        2.3938329152286268        90.025952163274738        2.5714094097122935        2.3938329152286268        7.4285905902877065        7.6061670847713732        5.1555244834979019       -3.3425823783889124     
 NBEST =                     3
 OLD NP    2.9595859026498985        1.2726518963897440        2.9595859026498985        1.2726518963897440        7.0404140973501015        8.7273481036102556        2.7665226115357453       -1.3787915645484263        87.024108218356005     
 NEW NP    2.9595859026498985        1.2726518963897440        2.9595859026498985        1.2726518963897440        7.0404140973501015        8.7273481036102556        2.7665226115357453       -1.3787915645484263        87.024108218356005     
   3.0791426231448638       0.69158549979381934        92.556674227027017        3.0791426231448638       0.69158549979381934        6.9208573768551362        9.3084145002061813        1.1294903899640927      -0.95940979719249997     
 NBEST =                     3
 OLD NP    2.9595859026498985        1.2726518963897440        2.9595859026498985        1.2726518963897440        7.0404140973501015        8.7273481036102556        2.7665226115357453       -1.3787915645484263        87.024108218356005     
 NEW NP    2.9595859026498985        1.2726518963897440        2.9595859026498985        1.2726518963897440        7.0404140973501015        8.7273481036102556        2.7665226115357453       -1.3787915645484263        87.024108218356005     
 NBEST =                     2
 OLD NP    2.9595859026498985        1.2726518963897440        2.9595859026498985        1.2726518963897440        7.0404140973501015        8.7273481036102556        2.7665226115357453       -1.3787915645484263        87.024108218356005     
 NEW NP    3.0791426231448638       0.69158549979381934        3.0791426231448638       0.69158549979381934        6.9208573768551362        9.3084145002061813        1.1294903899640927      -0.95940979719249997        92.556674227027017     
   2.8288257354845632       0.85072206824740082        100.14827798574694        2.8288257354845632       0.85072206824740082        7.1711742645154368        9.1492779317526001        1.4065444804029026       0.27401692085708518     
 NBEST =                     1
 OLD NP    3.0791426231448638       0.69158549979381934        3.0791426231448638       0.69158549979381934        6.9208573768551362        9.3084145002061813        1.1294903899640927      -0.95940979719249997        92.556674227027017     
 NEW NP    2.8288257354845632       0.85072206824740082        2.8288257354845632       0.85072206824740082        7.1711742645154368        9.1492779317526001        1.4065444804029026       0.27401692085708518        100.14827798574694     
   2.7788339020349651        1.1430982099817575        97.117040728183341        2.7788339020349651        1.1430982099817575        7.2211660979650354        8.8569017900182416        2.1764800592527909       -2.8591372762367451E-002
 NBEST =                     1
 OLD NP    2.8288257354845632       0.85072206824740082        2.8288257354845632       0.85072206824740082        7.1711742645154368        9.1492779317526001        1.4065444804029026       0.27401692085708518        100.14827798574694     
 NEW NP    2.7788339020349651        1.1430982099817575        2.7788339020349651        1.1430982099817575        7.2211660979650354        8.8569017900182416        2.1764800592527909       -2.8591372762367451E-002   97.117040728183341     
   2.6781737869436260        1.4221152935033929        97.178174408206459        2.6781737869436260        1.4221152935033929        7.3218262130563740        8.5778847064966079        2.8086719010724281      -0.19502674108820406     
 NBEST =                     2
 OLD NP    2.7788339020349651        1.1430982099817575        2.7788339020349651        1.1430982099817575        7.2211660979650354        8.8569017900182416        2.1764800592527909       -2.8591372762367451E-002   97.117040728183341     
 NEW NP    2.9595859026498981        1.2726518963897440        2.9595859026498985        1.2726518963897440        7.0404140973501015        8.7273481036102556        2.7665226115357453       -1.3787915645484263        87.024108218356005     
 NBEST =                     2
 OLD NP    2.9595859026498981        1.2726518963897440        2.9595859026498985        1.2726518963897440        7.0404140973501015        8.7273481036102556        2.7665226115357453       -1.3787915645484263        87.024108218356005     
 NEW NP    2.7788339020349651        1.1430982099817575        2.7788339020349651        1.1430982099817575        7.2211660979650354        8.8569017900182416        2.1764800592527909       -2.8591372762367451E-002   97.117040728183341     
   2.8374054047207111        1.0068443036527503        96.890975086356363        2.8374054047207111        1.0068443036527503        7.1625945952792893        8.9931556963472499        1.8568254688965746       -6.4604882536294150E-002
 NBEST =                     2
 OLD NP    2.7788339020349651        1.1430982099817575        2.7788339020349651        1.1430982099817575        7.2211660979650354        8.8569017900182416        2.1764800592527909       -2.8591372762367451E-002   97.117040728183341     
 NEW NP    2.9595859026498981        1.2726518963897440        2.9595859026498985        1.2726518963897440        7.0404140973501015        8.7273481036102556        2.7665226115357453       -1.3787915645484263        87.024108218356005     
 NBEST =                     2
 OLD NP    2.9595859026498981        1.2726518963897440        2.9595859026498985        1.2726518963897440        7.0404140973501015        8.7273481036102556        2.7665226115357453       -1.3787915645484263        87.024108218356005     
 NEW NP    2.7788339020349651        1.1430982099817575        2.7788339020349651        1.1430982099817575        7.2211660979650354        8.8569017900182416        2.1764800592527909       -2.8591372762367451E-002   97.117040728183341     
   2.7480038991222364        1.2105403918829696        97.371605196818493        2.7480038991222364        1.2105403918829696        7.2519961008777631        8.7894596081170313        2.3265697169393604       -1.6933469971187609E-002
 NBEST =                     3
 OLD NP    2.7788339020349651        1.1430982099817575        2.7788339020349651        1.1430982099817575        7.2211660979650354        8.8569017900182416        2.1764800592527909       -2.8591372762367451E-002   97.117040728183341     
 NEW NP    2.7788339020349651        1.1430982099817575        2.7788339020349651        1.1430982099817575        7.2211660979650354        8.8569017900182416        2.1764800592527909       -2.8591372762367451E-002   97.117040728183341     
   2.7451128110843590        1.1276832085253932        98.910645539731107        2.7451128110843590        1.1276832085253932        7.2548871889156406        8.8723167914746064        2.0956176225677714       0.19268623563040332     
 NBEST =                     3
 OLD NP    2.7788339020349651        1.1430982099817575        2.7788339020349651        1.1430982099817575        7.2211660979650354        8.8569017900182416        2.1764800592527909       -2.8591372762367451E-002   97.117040728183341     
 NEW NP    2.7788339020349651        1.1430982099817575        2.7788339020349651        1.1430982099817575        7.2211660979650354        8.8569017900182416        2.1764800592527909       -2.8591372762367451E-002   97.117040728183341     
   2.8034100918461311        1.0731343059057228        97.226937660176063        2.8034100918461311        1.0731343059057228        7.1965899081538689        8.9268656940942765        2.0084355430823964       -1.0725381576490722E-002
 NBEST =                     1
 OLD NP    2.7788339020349651        1.1430982099817575        2.7788339020349651        1.1430982099817575        7.2211660979650354        8.8569017900182416        2.1764800592527909       -2.8591372762367451E-002   97.117040728183341     
 NEW NP    2.8034100918461311        1.0731343059057228        2.8034100918461311        1.0731343059057228        7.1965899081538689        8.9268656940942765        2.0084355430823964       -1.0725381576490722E-002   97.226937660176063     
   2.8291110558235473        1.0035757159988923        97.317432343357865        2.8291110558235473        1.0035757159988923        7.1708889441764523        8.9964242840011082        1.8392271534884985       -1.1033583925716295E-002
 NBEST =                     3
 OLD NP    2.8034100918461311        1.0731343059057228        2.8034100918461311        1.0731343059057228        7.1965899081538689        8.9268656940942765        2.0084355430823964       -1.0725381576490722E-002   97.226937660176063     
 NEW NP    2.8034100918461311        1.0731343059057228        2.8034100918461311        1.0731343059057228        7.1965899081538689        8.9268656940942765        2.0084355430823964       -1.0725381576490722E-002   97.226937660176063     
   2.8154145107411677        1.0380539955908004        97.310465567892294        2.8154145107411677        1.0380539955908004        7.1845854892588328        8.9619460044091994        1.9225522821191876       -4.1149650539542559E-003
 NBEST =                     1
 OLD NP    2.8034100918461311        1.0731343059057228        2.8034100918461311        1.0731343059057228        7.1965899081538689        8.9268656940942765        2.0084355430823964       -1.0725381576490722E-002   97.226937660176063     
 NEW NP    2.8154145107411677        1.0380539955908004        2.8154145107411677        1.0380539955908004        7.1845854892588328        8.9619460044091994        1.9225522821191876       -4.1149650539542559E-003   97.310465567892294     
   2.8329546658986291        1.0440562050383186        96.424044194690254        2.8329546658986291        1.0440562050383186        7.1670453341013705        8.9559437949616818        1.9577638975237206      -0.11568549831582953     
 NBEST =                     3
 OLD NP    2.8154145107411677        1.0380539955908004        2.8154145107411677        1.0380539955908004        7.1845854892588328        8.9619460044091994        1.9225522821191876       -4.1149650539542559E-003   97.310465567892294     
 NEW NP    2.8154145107411677        1.0380539955908004        2.8154145107411677        1.0380539955908004        7.1845854892588328        8.9619460044091994        1.9225522821191876       -4.1149650539542559E-003   97.310465567892294     
   2.8017389946004707        1.0725172296683547        97.312580322380384        2.8017389946004707        1.0725172296683547        7.1982610053995293        8.9274827703316451        2.0049133447426981       -3.4601800338540656E-005
 NBEST =                     1
 OLD NP    2.8154145107411677        1.0380539955908004        2.8154145107411677        1.0380539955908004        7.1845854892588328        8.9619460044091994        1.9225522821191876       -4.1149650539542559E-003   97.310465567892294     
 NEW NP    2.8017389946004707        1.0725172296683547        2.8017389946004707        1.0725172296683547        7.1982610053995293        8.9274827703316451        2.0049133447426981       -3.4601800338540656E-005   97.312580322380384     
   2.7886902999205603        1.1072226444036557        97.292052415923052        2.7886902999205603        1.1072226444036557        7.2113097000794397        8.8927773555963441        2.0877010483008664       -2.7355731512486159E-003
 NBEST =                     2
 OLD NP    2.8017389946004707        1.0725172296683547        2.8017389946004707        1.0725172296683547        7.1982610053995293        8.9274827703316451        2.0049133447426981       -3.4601800338540656E-005   97.312580322380384     
 NEW NP    2.8329546658986291        1.0440562050383186        2.8329546658986291        1.0440562050383186        7.1670453341013705        8.9559437949616818        1.9577638975237206      -0.11568549831582953        96.424044194690254     
 NBEST =                     2
 OLD NP    2.8329546658986291        1.0440562050383186        2.8329546658986291        1.0440562050383186        7.1670453341013705        8.9559437949616818        1.9577638975237206      -0.11568549831582953        96.424044194690254     
 NEW NP    2.8017389946004707        1.0725172296683547        2.8017389946004707        1.0725172296683547        7.1982610053995293        8.9274827703316451        2.0049133447426981       -3.4601800338540656E-005   97.312580322380384     
   2.8084626696830450        1.0552407788006661        97.316194328162240        2.8084626696830450        1.0552407788006661        7.1915373303169545        8.9447592211993339        1.9636043347889345       -9.9566824705243917E-004
 NBEST =                     3
 OLD NP    2.8017389946004707        1.0725172296683547        2.8017389946004707        1.0725172296683547        7.1982610053995293        8.9274827703316451        2.0049133447426981       -3.4601800338540656E-005   97.312580322380384     
 NEW NP    2.8017389946004707        1.0725172296683547        2.8017389946004707        1.0725172296683547        7.1982610053995293        8.9274827703316451        2.0049133447426981       -3.4601800338540656E-005   97.312580322380384     
   2.8103772200343151        1.0758790672096419        96.867304038080448        2.8103772200343151        1.0758790672096419        7.1896227799656849        8.9241209327903590        2.0236260219977455       -5.5735886147694647E-002
 NBEST =                     3
 OLD NP    2.8017389946004707        1.0725172296683547        2.8017389946004707        1.0725172296683547        7.1982610053995293        8.9274827703316451        2.0049133447426981       -3.4601800338540656E-005   97.312580322380384     
 NEW NP    2.8017389946004707        1.0725172296683547        2.8017389946004707        1.0725172296683547        7.1982610053995293        8.9274827703316451        2.0049133447426981       -3.4601800338540656E-005   97.312580322380384     
   2.7951592241686538        1.0898489976758108        97.303967358004300        2.7951592241686538        1.0898489976758108        7.2048407758313466        8.9101510023241897        2.0463014788045042       -6.8592619008045475E-004
 NBEST =                     3
 OLD NP    2.8017389946004707        1.0725172296683547        2.8017389946004707        1.0725172296683547        7.1982610053995293        8.9274827703316451        2.0049133447426981       -3.4601800338540656E-005   97.312580322380384     
 NEW NP    2.8017389946004707        1.0725172296683547        2.8017389946004707        1.0725172296683547        7.1982610053995293        8.9274827703316451        2.0049133447426981       -3.4601800338540656E-005   97.312580322380384     
   2.7984464180069279        1.0811820914488781        97.308111318444915        2.7984464180069279        1.0811820914488781        7.2015535819930721        8.9188179085511212        2.0256301510283516       -2.5706932557634232E-004
 NBEST =                     1
 OLD NP    2.8017389946004707        1.0725172296683547        2.8017389946004707        1.0725172296683547        7.1982610053995293        8.9274827703316451        2.0049133447426981       -3.4601800338540656E-005   97.312580322380384     
 NEW NP    2.7984464180069279        1.0811820914488781        2.7984464180069279        1.0811820914488781        7.2015535819930721        8.9188179085511212        2.0256301510283516       -2.5706932557634232E-004   97.308111318444915     
   2.7950793682217938        1.0898182865627202        97.308086607657543        2.7950793682217938        1.0898182865627202        7.2049206317782062        8.9101817134372805        2.0461286078822858       -1.7257238564516442E-004
 NBEST =                     1
 OLD NP    2.7984464180069279        1.0811820914488781        2.7984464180069279        1.0811820914488781        7.2015535819930721        8.9188179085511212        2.0256301510283516       -2.5706932557634232E-004   97.308111318444915     
 NEW NP    2.7950793682217938        1.0898182865627202        2.7950793682217938        1.0898182865627202        7.2049206317782062        8.9101817134372805        2.0461286078822858       -1.7257238564516442E-004   97.308086607657543     
   2.7916987094933345        1.0984491635089879        97.309371964892222        2.7916987094933345        1.0984491635089879        7.2083012905066655        8.9015508364910119        2.0665391122120744       -1.7224940034488156E-004
 NBEST =                     3
 OLD NP    2.7950793682217938        1.0898182865627202        2.7950793682217938        1.0898182865627202        7.2049206317782062        8.9101817134372805        2.0461286078822858       -1.7257238564516442E-004   97.308086607657543     
 NEW NP    2.7950793682217938        1.0898182865627202        2.7950793682217938        1.0898182865627202        7.2049206317782062        8.9101817134372805        2.0461286078822858       -1.7257238564516442E-004   97.308086607657543     
   2.7993974657787151        1.0915018114552872        97.085081212749600        2.7993974657787151        1.0915018114552872        7.2006025342212849        8.9084981885447121        2.0555474048808078       -2.8002375818465319E-002
 NBEST =                     3
 OLD NP    2.7950793682217938        1.0898182865627202        2.7950793682217938        1.0898182865627202        7.2049206317782062        8.9101817134372805        2.0461286078822858       -1.7257238564516442E-004   97.308086607657543     
 NEW NP    2.7950793682217938        1.0898182865627202        2.7950793682217938        1.0898182865627202        7.2049206317782062        8.9101817134372805        2.0461286078822858       -1.7257238564516442E-004   97.308086607657543     
   2.7916986567696691        1.0984491428572831        97.309374692571708        2.7916986567696691        1.0984491428572831        7.2083013432303309        8.9015508571427162        2.0665389966444718       -1.7190965347446685E-004
 NBEST =                     2
 OLD NP    2.7950793682217938        1.0898182865627202        2.7950793682217938        1.0898182865627202        7.2049206317782062        8.9101817134372805        2.0461286078822858       -1.7257238564516442E-004   97.308086607657543     
 NEW NP    2.7993974657787151        1.0915018114552872        2.7993974657787151        1.0915018114552872        7.2006025342212849        8.9084981885447121        2.0555474048808078       -2.8002375818465319E-002   97.085081212749600     
 NBEST =                     2
 OLD NP    2.7993974657787151        1.0915018114552872        2.7993974657787151        1.0915018114552872        7.2006025342212849        8.9084981885447121        2.0555474048808078       -2.8002375818465319E-002   97.085081212749600     
 NEW NP    2.7950793682217938        1.0898182865627202        2.7950793682217938        1.0898182865627202        7.2049206317782062        8.9101817134372805        2.0461286078822858       -1.7257238564516442E-004   97.308086607657543     
   2.7933756405399488        1.0941284529819082        97.309346822086042        2.7933756405399488        1.0941284529819082        7.2066243594600508        8.9058715470180925        2.0563117681813212       -6.4540786552935714E-005
 NBEST =                     1
 OLD NP    2.7950793682217938        1.0898182865627202        2.7950793682217938        1.0898182865627202        7.2049206317782062        8.9101817134372805        2.0461286078822858       -1.7257238564516442E-004   97.308086607657543     
 NEW NP    2.7933756405399488        1.0941284529819082        2.7933756405399488        1.0941284529819082        7.2066243594600508        8.9058715470180925        2.0563117681813212       -6.4540786552935714E-005   97.309346822086042     
   2.7950526082875027        1.0898078046800159        97.309470326617216        2.7950526082875027        1.0898078046800159        7.2049473917124978        8.9101921953199845        2.0460701470029559       -1.3423624722896932E-007
 NBEST =                     1
 OLD NP    2.7933756405399488        1.0941284529819082        2.7933756405399488        1.0941284529819082        7.2066243594600508        8.9058715470180925        2.0563117681813212       -6.4540786552935714E-005   97.309346822086042     
 NEW NP    2.7950526082875027        1.0898078046800159        2.7950526082875027        1.0898078046800159        7.2049473917124978        8.9101921953199845        2.0460701470029559       -1.3423624722896932E-007   97.309470326617216     
   2.7967395500489927        1.0854910408379321        97.309229990650181        2.7967395500489927        1.0854910408379321        7.2032604499510073        8.9145089591620685        2.0358357251352910       -4.2910547658925324E-005
 NBEST =                     2
 OLD NP    2.7950526082875027        1.0898078046800159        2.7950526082875027        1.0898078046800159        7.2049473917124978        8.9101921953199845        2.0460701470029559       -1.3423624722896932E-007   97.309470326617216     
 NEW NP    2.7993974657787151        1.0915018114552872        2.7993974657787151        1.0915018114552872        7.2006025342212849        8.9084981885447121        2.0555474048808078       -2.8002375818465319E-002   97.085081212749600     
 NBEST =                     2
 OLD NP    2.7993974657787151        1.0915018114552872        2.7993974657787151        1.0915018114552872        7.2006025342212849        8.9084981885447121        2.0555474048808078       -2.8002375818465319E-002   97.085081212749600     
 NEW NP    2.7950526082875027        1.0898078046800159        2.7950526082875027        1.0898078046800159        7.2049473917124978        8.9101921953199845        2.0460701470029559       -1.3423624722896932E-007   97.309470326617216     
   2.7942124351644040        1.0919674724245934        97.309476920291601        2.7942124351644040        1.0919674724245934        7.2057875648355960        8.9080325275754060        2.0511890902438421       -1.6093660743621285E-005
 NBEST =                     3
 OLD NP    2.7950526082875027        1.0898078046800159        2.7950526082875027        1.0898078046800159        7.2049473917124978        8.9101921953199845        2.0460701470029559       -1.3423624722896932E-007   97.309470326617216     
 NEW NP    2.7950526082875027        1.0898078046800159        2.7950526082875027        1.0898078046800159        7.2049473917124978        8.9101921953199845        2.0460701470029559       -1.3423624722896932E-007   97.309470326617216     
   2.7954662207238465        1.0887481493753643        97.309419210949429        2.7954662207238465        1.0887481493753643        7.2045337792761535        8.9112518506246357        2.0435586744544318       -3.9239763460763299E-006
 NBEST =                     1
 OLD NP    2.7950526082875027        1.0898078046800159        2.7950526082875027        1.0898078046800159        7.2049473917124978        8.9101921953199845        2.0460701470029559       -1.3423624722896932E-007   97.309470326617216     
 NEW NP    2.7954662207238465        1.0887481493753643        2.7954662207238465        1.0887481493753643        7.2045337792761535        8.9112518506246357        2.0435586744544318       -3.9239763460763299E-006   97.309419210949429     
   2.7958786362063432        1.0876880276455752        97.309439070389217        2.7958786362063432        1.0876880276455752        7.2041213637936572        8.9123119723544253        2.0410437193516779       -2.5938785634949113E-006
 NBEST =                     3
 OLD NP    2.7954662207238465        1.0887481493753643        2.7954662207238465        1.0887481493753643        7.2045337792761535        8.9112518506246357        2.0435586744544318       -3.9239763460763299E-006   97.309419210949429     
 NEW NP    2.7954662207238465        1.0887481493753643        2.7954662207238465        1.0887481493753643        7.2045337792761535        8.9112518506246357        2.0435586744544318       -3.9239763460763299E-006   97.309419210949429     
   2.7959960483761721        1.0889549555935363        97.282039005838016        2.7959960483761721        1.0889549555935363        7.2040039516238279        8.9110450444064639        2.0447137526991774       -3.4167978468901961E-003
 NBEST =                     2
 OLD NP    2.7954662207238465        1.0887481493753643        2.7954662207238465        1.0887481493753643        7.2045337792761535        8.9112518506246357        2.0435586744544318       -3.9239763460763299E-006   97.309419210949429     
 NEW NP    2.7959960483761721        1.0889549555935363        2.7959960483761721        1.0889549555935363        7.2040039516238279        8.9110450444064639        2.0447137526991774       -3.4167978468901961E-003   97.282039005838016     
 NBEST =                     1
 OLD NP    2.7959960483761721        1.0889549555935363        2.7959960483761721        1.0889549555935363        7.2040039516238279        8.9110450444064639        2.0447137526991774       -3.4167978468901961E-003   97.282039005838016     
 NEW NP    2.7950526082875027        1.0898078046800159        2.7950526082875027        1.0898078046800159        7.2049473917124978        8.9101921953199845        2.0460701470029559       -1.3423624722896932E-007   97.309470326617216     
   2.7954656114824332        1.0887479117735619        97.309450693949984        2.7954656114824332        1.0887479117735619        7.2045343885175672        8.9112520882264388        2.0435573469363026       -3.7214564763132785E-010
 NBEST =                     2
 OLD NP    2.7950526082875027        1.0898078046800159        2.7950526082875027        1.0898078046800159        7.2049473917124978        8.9101921953199845        2.0460701470029559       -1.3423624722896932E-007   97.309470326617216     
 NEW NP    2.7954656114824332        1.0887479117735619        2.7954656114824332        1.0887479117735619        7.2045343885175672        8.9112520882264388        2.0435573469363026       -3.7214564763132785E-010   97.309450693949984     
   2.7958786354057348        1.0876880269444624        97.309439118553826        2.7958786354057348        1.0876880269444624        7.2041213645942648        8.9123119730555374        2.0410437165206399       -2.5878765712583629E-006
 DATSAV                    1
   2.7451128110843594        1.1276832085253932        98.910645539731107        2.7451128110843590        1.1276832085253932        7.2548871889156406        8.8723167914746064        2.0956176225677714       0.19268623563040332     
