  0.39441020930740678       0.16851338185098691        2.7580004993256497        6.3930239250449183       0.39441020930740678       0.16851338185098691        2.7580004993256497        2.2419995006743503        2.2094770726506985        3.7905229273493020     
   1.7167531876844770       0.16851338185098691        2.7580004993256497        9.1870361539045575        1.7167531876844770       0.16851338185098691        2.7580004993256497        2.2419995006743503      -0.58220502156820331        6.5822050215682033     
  0.39441020930740678        1.4908563602280573        2.7580004993256497        7.7153669034219874       0.39441020930740678        1.4908563602280573        2.7580004993256497        2.2419995006743503        1.5221145681103998E-002   5.9847788543188969     
  0.39441020930740678       0.16851338185098691        4.0803434777027201        7.7153669034219892       0.39441020930740678       0.16851338185098691        4.0803434777027201       0.91965652229727990       -6.8331590690998958        12.833159069099896     
 NBEST =                     4
 OLD NP   0.39441020930740678       0.16851338185098691        2.7580004993256497       0.39441020930740678       0.16851338185098691        2.7580004993256497        2.2419995006743503        2.2094770726506985        3.7905229273493020        6.3930239250449183     
 NEW NP   0.39441020930740678       0.16851338185098691        2.7580004993256497       0.39441020930740678       0.16851338185098691        2.7580004993256497        2.2419995006743503        2.2094770726506985        3.7905229273493020        6.3930239250449183     
 NBEST =                     4
 OLD NP   0.39441020930740678       0.16851338185098691        2.7580004993256497       0.39441020930740678       0.16851338185098691        2.7580004993256497        2.2419995006743503        2.2094770726506985        3.7905229273493020        6.3930239250449183     
 NEW NP   0.39441020930740678       0.16851338185098691        2.7580004993256497       0.39441020930740678       0.16851338185098691        2.7580004993256497        2.2419995006743503        2.2094770726506985        3.7905229273493020        6.3930239250449183     
   0.0000000000000000        0.0000000000000000        2.3663512152186379        2.3663512152186379       -0.0000000000000000       -0.0000000000000000        2.3663512152186379        2.6336487847813621        4.4003819262332753        1.5996180737667247     
 NBEST =                     1
 OLD NP   0.39441020930740678       0.16851338185098691        2.7580004993256497       0.39441020930740678       0.16851338185098691        2.7580004993256497        2.2419995006743503        2.2094770726506985        3.7905229273493020        6.3930239250449183     
 NEW NP    0.0000000000000000        0.0000000000000000        2.3663512152186379       -0.0000000000000000       -0.0000000000000000        2.3663512152186379        2.6336487847813621        4.4003819262332753        1.5996180737667247        2.3663512152186379     
 NBEST =                     4
 OLD NP    0.0000000000000000        0.0000000000000000        2.3663512152186379       -0.0000000000000000       -0.0000000000000000        2.3663512152186379        2.6336487847813621        4.4003819262332753        1.5996180737667247        2.3663512152186379     
 NEW NP    0.0000000000000000        0.0000000000000000        2.3663512152186379       -0.0000000000000000       -0.0000000000000000        2.3663512152186379        2.6336487847813621        4.4003819262332753        1.5996180737667247        2.3663512152186379     
 -0.23293693731320642        0.0000000000000000        2.6009302376483721      -0.29957284233503267      -0.23293693731320642       -0.0000000000000000        2.6009302376483721        2.3990697623516279        3.1809022821215267        2.8190977178784737     
 NBEST =                     3
 OLD NP    0.0000000000000000        0.0000000000000000        2.3663512152186379       -0.0000000000000000       -0.0000000000000000        2.3663512152186379        2.6336487847813621        4.4003819262332753        1.5996180737667247        2.3663512152186379     
 NEW NP  -0.23293693731320642        0.0000000000000000        2.6009302376483721      -0.23293693731320642       -0.0000000000000000        2.6009302376483721        2.3990697623516279        3.1809022821215267        2.8190977178784737      -0.29957284233503267     
 NBEST =                     3
 OLD NP  -0.23293693731320642        0.0000000000000000        2.6009302376483721      -0.23293693731320642       -0.0000000000000000        2.6009302376483721        2.3990697623516279        3.1809022821215267        2.8190977178784737      -0.29957284233503267     
 NEW NP    0.0000000000000000        0.0000000000000000        2.3663512152186379       -0.0000000000000000       -0.0000000000000000        2.3663512152186379        2.6336487847813621        4.4003819262332753        1.5996180737667247        2.3663512152186379     
   9.1755976315351785E-018  -3.9457855038036496E-017   3.0275227044071729        3.0275227044071729        9.1755976315351785E-018  -3.9457855038036496E-017   3.0275227044071729        1.9724772955928271       0.83410627429907791        5.1658937257009221     
 NBEST =                     4
 OLD NP    0.0000000000000000        0.0000000000000000        2.3663512152186379       -0.0000000000000000       -0.0000000000000000        2.3663512152186379        2.6336487847813621        4.4003819262332753        1.5996180737667247        2.3663512152186379     
 NEW NP    0.0000000000000000        0.0000000000000000        2.3663512152186379       -0.0000000000000000       -0.0000000000000000        2.3663512152186379        2.6336487847813621        4.4003819262332753        1.5996180737667247        2.3663512152186379     
 -0.12988569827067856       0.30400105248779086        2.3663512152186379        1.1381966090412585      -0.12988569827067856       0.30400105248779086        2.3663512152186379        2.6336487847813621        4.2910949917043295        1.7089050082956714     
 NBEST =                     4
 OLD NP    0.0000000000000000        0.0000000000000000        2.3663512152186379       -0.0000000000000000       -0.0000000000000000        2.3663512152186379        2.6336487847813621        4.4003819262332753        1.5996180737667247        2.3663512152186379     
 NEW NP    0.0000000000000000        0.0000000000000000        2.3663512152186379       -0.0000000000000000       -0.0000000000000000        2.3663512152186379        2.6336487847813621        4.4003819262332753        1.5996180737667247        2.3663512152186379     
   3.4763793368066926E-017  0.56929664724432627        2.0301235162523650        2.5994201634966916        3.4763793368066926E-017  0.56929664724432627        2.0301235162523650        2.9698764837476350        5.5544998361955029       0.44550016380449708     
 NBEST =                     4
 OLD NP    0.0000000000000000        0.0000000000000000        2.3663512152186379       -0.0000000000000000       -0.0000000000000000        2.3663512152186379        2.6336487847813621        4.4003819262332753        1.5996180737667247        2.3663512152186379     
 NEW NP    0.0000000000000000        0.0000000000000000        2.3663512152186379       -0.0000000000000000       -0.0000000000000000        2.3663512152186379        2.6336487847813621        4.4003819262332753        1.5996180737667247        2.3663512152186379     
   3.2924996812412750E-017   3.2568404835319001E-018   2.0697892084675242        2.0697892084675247        3.2924996812412750E-017   3.2568404835319001E-018   2.0697892084675242        2.9302107915324758        5.7159726325113791       0.28402736748862090     
 NBEST =                     3
 OLD NP    0.0000000000000000        0.0000000000000000        2.3663512152186379       -0.0000000000000000       -0.0000000000000000        2.3663512152186379        2.6336487847813621        4.4003819262332753        1.5996180737667247        2.3663512152186379     
 NEW NP    3.2924996812412750E-017   3.2568404835319001E-018   2.0697892084675242        3.2924996812412750E-017   3.2568404835319001E-018   2.0697892084675242        2.9302107915324758        5.7159726325113791       0.28402736748862090        2.0697892084675247     
 NBEST =                     4
 OLD NP    3.2924996812412750E-017   3.2568404835319001E-018   2.0697892084675242        3.2924996812412750E-017   3.2568404835319001E-018   2.0697892084675242        2.9302107915324758        5.7159726325113791       0.28402736748862090        2.0697892084675247     
 NEW NP    3.2924996812412750E-017   3.2568404835319001E-018   2.0697892084675242        3.2924996812412750E-017   3.2568404835319001E-018   2.0697892084675242        2.9302107915324758        5.7159726325113791       0.28402736748862090        2.0697892084675247     
 -0.16529287229713374        9.2746011109050944E-018   2.0697892084675242        8.3121123577423989E-002 -0.16529287229713374        9.2746011109050944E-018   2.0697892084675242        2.9302107915324758        5.6886508988791427       0.31134910112085734     
 NBEST =                     1
 OLD NP    3.2924996812412750E-017   3.2568404835319001E-018   2.0697892084675242        3.2924996812412750E-017   3.2568404835319001E-018   2.0697892084675242        2.9302107915324758        5.7159726325113791       0.28402736748862090        2.0697892084675247     
 NEW NP  -0.16529287229713374        9.2746011109050944E-018   2.0697892084675242      -0.16529287229713374        9.2746011109050944E-018   2.0697892084675242        2.9302107915324758        5.6886508988791427       0.31134910112085734        8.3121123577423989E-002
 NBEST =                     1
 OLD NP  -0.16529287229713374        9.2746011109050944E-018   2.0697892084675242      -0.16529287229713374        9.2746011109050944E-018   2.0697892084675242        2.9302107915324758        5.6886508988791427       0.31134910112085734        8.3121123577423989E-002
 NEW NP    2.7755575615628914E-017   3.2568404835318997E-018   2.0697892084675242        3.2924996812412750E-017   3.2568404835319001E-018   2.0697892084675242        2.9302107915324758        5.7159726325113791       0.28402736748862090        2.0697892084675247     
 NBEST =                     4
 OLD NP    2.7755575615628914E-017   3.2568404835318997E-018   2.0697892084675242        3.2924996812412750E-017   3.2568404835319001E-018   2.0697892084675242        2.9302107915324758        5.7159726325113791       0.28402736748862090        2.0697892084675247     
 NEW NP    2.7755575615628914E-017   3.2568404835318997E-018   2.0697892084675242        3.2924996812412750E-017   3.2568404835319001E-018   2.0697892084675242        2.9302107915324758        5.7159726325113791       0.28402736748862090        2.0697892084675247     
 NBEST =                     4
 OLD NP    2.7755575615628914E-017   3.2568404835318997E-018   2.0697892084675242        3.2924996812412750E-017   3.2568404835319001E-018   2.0697892084675242        2.9302107915324758        5.7159726325113791       0.28402736748862090        2.0697892084675247     
 NEW NP    2.7755575615628914E-017   3.2568404835318997E-018   2.0697892084675242        3.2924996812412750E-017   3.2568404835319001E-018   2.0697892084675242        2.9302107915324758        5.7159726325113791       0.28402736748862090        2.0697892084675247     
   3.2979212583724873E-017   8.2646436148566899E-002   2.0697892084675242        2.1524356446160917        3.2979212583724873E-017   8.2646436148566899E-002   2.0697892084675242        2.9302107915324758        5.7091421991033204       0.29085780089668001     
 NBEST =                     4
 OLD NP    2.7755575615628914E-017   3.2568404835318997E-018   2.0697892084675242        3.2924996812412750E-017   3.2568404835319001E-018   2.0697892084675242        2.9302107915324758        5.7159726325113791       0.28402736748862090        2.0697892084675247     
 NEW NP    2.7755575615628914E-017   3.2568404835318997E-018   2.0697892084675242        3.2924996812412750E-017   3.2568404835319001E-018   2.0697892084675242        2.9302107915324758        5.7159726325113791       0.28402736748862090        2.0697892084675247     
 NBEST =                     4
 OLD NP    2.7755575615628914E-017   3.2568404835318997E-018   2.0697892084675242        3.2924996812412750E-017   3.2568404835319001E-018   2.0697892084675242        2.9302107915324758        5.7159726325113791       0.28402736748862090        2.0697892084675247     
 NEW NP    2.7755575615628914E-017   3.2568404835318997E-018   2.0697892084675242        3.2924996812412750E-017   3.2568404835319001E-018   2.0697892084675242        2.9302107915324758        5.7159726325113791       0.28402736748862090        2.0697892084675247     
  -7.5127543820500572E-018   7.7037197775489434E-034   2.0057634247091709        2.0057634247091709       -7.5127543820500572E-018   7.7037197775489434E-034   2.0057634247091709        2.9942365752908291        5.9769130840989382        2.3086915901061822E-002
 NBEST =                     3
 OLD NP    2.7755575615628914E-017   3.2568404835318997E-018   2.0697892084675242        3.2924996812412750E-017   3.2568404835319001E-018   2.0697892084675242        2.9302107915324758        5.7159726325113791       0.28402736748862090        2.0697892084675247     
 NEW NP   -7.5127543820500572E-018   7.7037197775489434E-034   2.0057634247091709       -7.5127543820500572E-018   7.7037197775489434E-034   2.0057634247091709        2.9942365752908291        5.9769130840989382        2.3086915901061822E-002   2.0057634247091709     
 NBEST =                     4
 OLD NP   -7.5127543820500572E-018   7.7037197775489434E-034   2.0057634247091709       -7.5127543820500572E-018   7.7037197775489434E-034   2.0057634247091709        2.9942365752908291        5.9769130840989382        2.3086915901061822E-002   2.0057634247091709     
 NEW NP   -7.5127543820500572E-018   7.7037197775489434E-034   2.0057634247091709       -7.5127543820500572E-018   7.7037197775489434E-034   2.0057634247091709        2.9942365752908291        5.9769130840989382        2.3086915901061822E-002   2.0057634247091709     
  -4.1323218074283456E-002   2.6118184840479807E-018   2.0057634247091709        1.5408918119076485       -4.1323218074283456E-002   2.6118184840479807E-018   2.0057634247091709        2.9942365752908291        5.9752054757469226        2.4794524253076489E-002
 NBEST =                     4
 OLD NP   -7.5127543820500572E-018   7.7037197775489434E-034   2.0057634247091709       -7.5127543820500572E-018   7.7037197775489434E-034   2.0057634247091709        2.9942365752908291        5.9769130840989382        2.3086915901061822E-002   2.0057634247091709     
 NEW NP   -7.5127543820500572E-018   7.7037197775489434E-034   2.0057634247091709       -7.5127543820500572E-018   7.7037197775489434E-034   2.0057634247091709        2.9942365752908291        5.9769130840989382        2.3086915901061822E-002   2.0057634247091709     
 NBEST =                     4
 OLD NP   -7.5127543820500572E-018   7.7037197775489434E-034   2.0057634247091709       -7.5127543820500572E-018   7.7037197775489434E-034   2.0057634247091709        2.9942365752908291        5.9769130840989382        2.3086915901061822E-002   2.0057634247091709     
 NEW NP   -7.5127543820500572E-018   7.7037197775489434E-034   2.0057634247091709       -7.5127543820500572E-018   7.7037197775489434E-034   2.0057634247091709        2.9942365752908291        5.9769130840989382        2.3086915901061822E-002   2.0057634247091709     
 NBEST =                     4
 OLD NP   -7.5127543820500572E-018   7.7037197775489434E-034   2.0057634247091709       -7.5127543820500572E-018   7.7037197775489434E-034   2.0057634247091709        2.9942365752908291        5.9769130840989382        2.3086915901061822E-002   2.0057634247091709     
 NEW NP   -7.5127543820500572E-018   7.7037197775489434E-034   2.0057634247091709       -7.5127543820500572E-018   7.7037197775489434E-034   2.0057634247091709        2.9942365752908291        5.9769130840989382        2.3086915901061822E-002   2.0057634247091709     
  -6.2068451400260674E-018   2.0661609037141725E-002   2.0057634247091709        2.0264250337463126       -6.2068451400260674E-018   2.0661609037141725E-002   2.0057634247091709        2.9942365752908291        5.9764861820109347        2.3513817989065711E-002
 NBEST =                     4
 OLD NP   -7.5127543820500572E-018   7.7037197775489434E-034   2.0057634247091709       -7.5127543820500572E-018   7.7037197775489434E-034   2.0057634247091709        2.9942365752908291        5.9769130840989382        2.3086915901061822E-002   2.0057634247091709     
 NEW NP   -7.5127543820500572E-018   7.7037197775489434E-034   2.0057634247091709       -7.5127543820500572E-018   7.7037197775489434E-034   2.0057634247091709        2.9942365752908291        5.9769130840989382        2.3086915901061822E-002   2.0057634247091709     
 NBEST =                     4
 OLD NP   -7.5127543820500572E-018   7.7037197775489434E-034   2.0057634247091709       -7.5127543820500572E-018   7.7037197775489434E-034   2.0057634247091709        2.9942365752908291        5.9769130840989382        2.3086915901061822E-002   2.0057634247091709     
 NEW NP   -7.5127543820500572E-018   7.7037197775489434E-034   2.0057634247091709       -7.5127543820500572E-018   7.7037197775489434E-034   2.0057634247091709        2.9942365752908291        5.9769130840989382        2.3086915901061822E-002   2.0057634247091709     
 NBEST =                     4
 OLD NP   -7.5127543820500572E-018   7.7037197775489434E-034   2.0057634247091709       -7.5127543820500572E-018   7.7037197775489434E-034   2.0057634247091709        2.9942365752908291        5.9769130840989382        2.3086915901061822E-002   2.0057634247091709     
 NEW NP   -7.5127543820500572E-018   7.7037197775489434E-034   2.0057634247091709       -7.5127543820500572E-018   7.7037197775489434E-034   2.0057634247091709        2.9942365752908291        5.9769130840989382        2.3086915901061822E-002   2.0057634247091709     
  -1.7196402106712114E-018   7.7037197775489434E-034   2.0160942292277420        2.0160942292277420       -1.7196402106712114E-018   7.7037197775489434E-034   2.0160942292277420        2.9839057707722580        5.9353640588745975        6.4635941125402496E-002
 NBEST =                     4
 OLD NP   -7.5127543820500572E-018   7.7037197775489434E-034   2.0057634247091709       -7.5127543820500572E-018   7.7037197775489434E-034   2.0057634247091709        2.9942365752908291        5.9769130840989382        2.3086915901061822E-002   2.0057634247091709     
 NEW NP   -7.5127543820500572E-018   7.7037197775489434E-034   2.0057634247091709       -7.5127543820500572E-018   7.7037197775489434E-034   2.0057634247091709        2.9942365752908291        5.9769130840989382        2.3086915901061822E-002   2.0057634247091709     
 NBEST =                     4
 OLD NP   -7.5127543820500572E-018   7.7037197775489434E-034   2.0057634247091709       -7.5127543820500572E-018   7.7037197775489434E-034   2.0057634247091709        2.9942365752908291        5.9769130840989382        2.3086915901061822E-002   2.0057634247091709     
 NEW NP   -7.5127543820500572E-018   7.7037197775489434E-034   2.0057634247091709       -7.5127543820500572E-018   7.7037197775489434E-034   2.0057634247091709        2.9942365752908291        5.9769130840989382        2.3086915901061822E-002   2.0057634247091709     
  -7.5127543820500556E-018  -7.5127543820500572E-018   2.0000230634414216        2.0000230634414216       -7.5127543820500556E-018  -7.5127543820500572E-018   2.0000230634414216        2.9999769365585784        5.9999077457023917        9.2254297608285185E-005
 NBEST =                     3
 OLD NP   -7.5127543820500572E-018   7.7037197775489434E-034   2.0057634247091709       -7.5127543820500572E-018   7.7037197775489434E-034   2.0057634247091709        2.9942365752908291        5.9769130840989382        2.3086915901061822E-002   2.0057634247091709     
 NEW NP   -7.5127543820500556E-018  -7.5127543820500572E-018   2.0000230634414216       -7.5127543820500556E-018  -7.5127543820500572E-018   2.0000230634414216        2.9999769365585784        5.9999077457023917        9.2254297608285185E-005   2.0000230634414216     
 NBEST =                     4
 OLD NP   -7.5127543820500556E-018  -7.5127543820500572E-018   2.0000230634414216       -7.5127543820500556E-018  -7.5127543820500572E-018   2.0000230634414216        2.9999769365585784        5.9999077457023917        9.2254297608285185E-005   2.0000230634414216     
 NEW NP   -7.5127543820500556E-018  -7.5127543820500572E-018   2.0000230634414216       -7.5127543820500556E-018  -7.5127543820500572E-018   2.0000230634414216        2.9999769365585784        5.9999077457023917        9.2254297608285185E-005   2.0000230634414216     
  -5.1654022592854390E-003  -7.1862770715440593E-018   2.0000230634414216        1.9430434124862173       -5.1654022592854390E-003  -7.1862770715440593E-018   2.0000230634414216        2.9999769365585784        5.9998810643218912        1.1893567810838945E-004
 NBEST =                     4
 OLD NP   -7.5127543820500556E-018  -7.5127543820500572E-018   2.0000230634414216       -7.5127543820500556E-018  -7.5127543820500572E-018   2.0000230634414216        2.9999769365585784        5.9999077457023917        9.2254297608285185E-005   2.0000230634414216     
 NEW NP   -7.5127543820500556E-018  -7.5127543820500572E-018   2.0000230634414216       -7.5127543820500556E-018  -7.5127543820500572E-018   2.0000230634414216        2.9999769365585784        5.9999077457023917        9.2254297608285185E-005   2.0000230634414216     
 NBEST =                     4
 OLD NP   -7.5127543820500556E-018  -7.5127543820500572E-018   2.0000230634414216       -7.5127543820500556E-018  -7.5127543820500572E-018   2.0000230634414216        2.9999769365585784        5.9999077457023917        9.2254297608285185E-005   2.0000230634414216     
 NEW NP   -7.5127543820500556E-018  -7.5127543820500572E-018   2.0000230634414216       -7.5127543820500556E-018  -7.5127543820500572E-018   2.0000230634414216        2.9999769365585784        5.9999077457023917        9.2254297608285185E-005   2.0000230634414216     
 NBEST =                     4
 OLD NP   -7.5127543820500556E-018  -7.5127543820500572E-018   2.0000230634414216       -7.5127543820500556E-018  -7.5127543820500572E-018   2.0000230634414216        2.9999769365585784        5.9999077457023917        9.2254297608285185E-005   2.0000230634414216     
 NEW NP   -7.5127543820500556E-018  -7.5127543820500572E-018   2.0000230634414216       -7.5127543820500556E-018  -7.5127543820500572E-018   2.0000230634414216        2.9999769365585784        5.9999077457023917        9.2254297608285185E-005   2.0000230634414216     
  -7.3495157267970575E-018   2.5827011296427082E-003   2.0000230634414216        2.0026057645710642       -7.3495157267970575E-018   2.5827011296427082E-003   2.0000230634414216        2.9999769365585784        5.9999010753572675        9.8924642733422274E-005
 NBEST =                     4
 OLD NP   -7.5127543820500556E-018  -7.5127543820500572E-018   2.0000230634414216       -7.5127543820500556E-018  -7.5127543820500572E-018   2.0000230634414216        2.9999769365585784        5.9999077457023917        9.2254297608285185E-005   2.0000230634414216     
 NEW NP   -7.5127543820500556E-018  -7.5127543820500572E-018   2.0000230634414216       -7.5127543820500556E-018  -7.5127543820500572E-018   2.0000230634414216        2.9999769365585784        5.9999077457023917        9.2254297608285185E-005   2.0000230634414216     
 NBEST =                     4
 OLD NP   -7.5127543820500556E-018  -7.5127543820500572E-018   2.0000230634414216       -7.5127543820500556E-018  -7.5127543820500572E-018   2.0000230634414216        2.9999769365585784        5.9999077457023917        9.2254297608285185E-005   2.0000230634414216     
 NEW NP   -7.5127543820500556E-018  -7.5127543820500572E-018   2.0000230634414216       -7.5127543820500556E-018  -7.5127543820500572E-018   2.0000230634414216        2.9999769365585784        5.9999077457023917        9.2254297608285185E-005   2.0000230634414216     
 NBEST =                     4
 OLD NP   -7.5127543820500556E-018  -7.5127543820500572E-018   2.0000230634414216       -7.5127543820500556E-018  -7.5127543820500572E-018   2.0000230634414216        2.9999769365585784        5.9999077457023917        9.2254297608285185E-005   2.0000230634414216     
 NEW NP   -7.5127543820500556E-018  -7.5127543820500572E-018   2.0000230634414216       -7.5127543820500556E-018  -7.5127543820500572E-018   2.0000230634414216        2.9999769365585784        5.9999077457023917        9.2254297608285185E-005   2.0000230634414216     
  -7.5427495411291943E-018  -5.8272745339694421E-018   2.0013144140062429        2.0013144140062429       -7.5427495411291943E-018  -5.8272745339694421E-018   2.0013144140062429        2.9986855859937571        5.9947406162908488        5.2593837091512441E-003
 NBEST =                     4
 OLD NP   -7.5127543820500556E-018  -7.5127543820500572E-018   2.0000230634414216       -7.5127543820500556E-018  -7.5127543820500572E-018   2.0000230634414216        2.9999769365585784        5.9999077457023917        9.2254297608285185E-005   2.0000230634414216     
 NEW NP   -7.5127543820500556E-018  -7.5127543820500572E-018   2.0000230634414216       -7.5127543820500556E-018  -7.5127543820500572E-018   2.0000230634414216        2.9999769365585784        5.9999077457023917        9.2254297608285185E-005   2.0000230634414216     
 NBEST =                     4
 OLD NP   -7.5127543820500556E-018  -7.5127543820500572E-018   2.0000230634414216       -7.5127543820500556E-018  -7.5127543820500572E-018   2.0000230634414216        2.9999769365585784        5.9999077457023917        9.2254297608285185E-005   2.0000230634414216     
 NEW NP   -7.5127543820500556E-018  -7.5127543820500572E-018   2.0000230634414216       -7.5127543820500556E-018  -7.5127543820500572E-018   2.0000230634414216        2.9999769365585784        5.9999077457023917        9.2254297608285185E-005   2.0000230634414216     
 NBEST =                     4
 OLD NP   -7.5127543820500556E-018  -7.5127543820500572E-018   2.0000230634414216       -7.5127543820500556E-018  -7.5127543820500572E-018   2.0000230634414216        2.9999769365585784        5.9999077457023917        9.2254297608285185E-005   2.0000230634414216     
 NEW NP   -7.5127543820500556E-018  -7.5127543820500572E-018   2.0000230634414216       -7.5127543820500556E-018  -7.5127543820500572E-018   2.0000230634414216        2.9999769365585784        5.9999077457023917        9.2254297608285185E-005   2.0000230634414216     
  -6.2761793227040553E-004  -7.4730860262729953E-018   2.0000230634414216        1.9931169025136124       -6.2761793227040553E-004  -7.4730860262729953E-018   2.0000230634414216        2.9999769365585784        5.9999073517981225        9.2648201877043590E-005
 NBEST =                     4
 OLD NP   -7.5127543820500556E-018  -7.5127543820500572E-018   2.0000230634414216       -7.5127543820500556E-018  -7.5127543820500572E-018   2.0000230634414216        2.9999769365585784        5.9999077457023917        9.2254297608285185E-005   2.0000230634414216     
 NEW NP   -7.5127543820500556E-018  -7.5127543820500572E-018   2.0000230634414216       -7.5127543820500556E-018  -7.5127543820500572E-018   2.0000230634414216        2.9999769365585784        5.9999077457023917        9.2254297608285185E-005   2.0000230634414216     
 NP
  -7.5127543820500556E-018  -7.5127543820500572E-018   2.0000230634414216        2.0000230634414216       -7.5127543820500556E-018  -7.5127543820500572E-018   2.0000230634414216        2.9999769365585784        5.9999077457023917        9.2254297608285185E-005
