                    0   1.0000000000000002        1.0032751034668081        1.0032751034668079
                    0   1.0000000000000002        1.0106926589082284E-003   1.0106926589082282E-003
                    0   1.0000000000000002        1.0137364960234806E-003   1.0137364960234804E-003
                    0   1.0000000000000002        1.0289226308045580        1.0289226308045578
                    0   1.0000000000000002        1.0289226308045580        1.0289226308045578
                    0   1.0000000000000002        1.0289226308045580        1.0289226308045578
                    0   1.0000000000000002        1.0383329065006428        1.0383329065006426
                    0   1.0000000000000002        1.0383329065006428        1.0383329065006426
                    0   1.0000000000000002        1.0632866963647402E-005   1.0632866963647400E-005
                    0   1.0000000000000002        1.0636973302728254E-006   1.0636973302728252E-006
                    0   1.0000000000000002        1.0658727821140389E-004   1.0658727821140387E-004
                    0   1.0000000000000002        1.0818564706396074        1.0818564706396072
                    0   1.0000000000000002        1.0933658491625022        1.0933658491625020
                    0   1.0000000000000002        1.1037821079234314E-004   1.1037821079234311E-004
                    0   1.0000000000000002        1.1037821079234314E-004   1.1037821079234311E-004
                    0   1.0000000000000002        1.1037821079234314E-004   1.1037821079234311E-004
                    0   1.0000000000000002        1.1254289422367649E-003   1.1254289422367647E-003
                    0   1.0000000000000002        1.1258584413501312E-002   1.1258584413501310E-002
                    0   1.0000000000000002        1.1344014491492815E-003   1.1344014491492813E-003
                    0   1.0000000000000002        1.1617517964332584        1.1617517964332582
                    0   1.0000000000000002        1.1632249766338698        1.1632249766338696
                    0   1.0000000000000002        1.1632249766338698        1.1632249766338696
                    0   1.0000000000000002        1.1663579737791531E-002   1.1663579737791530E-002
                    0   1.0000000000000002        1.1818011626496618E-002   1.1818011626496615E-002
                    0   1.0000000000000002        1.1871636873272471        1.1871636873272469
                    0   1.0000000000000002        1.1967837758646522        1.1967837758646520
                    0   1.0000000000000002        1.2049485996048352        1.2049485996048350
                    0   1.0000000000000002        1.2049485996048352        1.2049485996048350
                    0   1.0000000000000002        1.2049485996048352        1.2049485996048350
                    0   1.0000000000000002        1.2049485996048352        1.2049485996048350
                    0   1.0000000000000002        1.2049485996048352        1.2049485996048350
                    0   1.0000000000000002        1.2055965571872850E-006   1.2055965571872848E-006
                    0   1.0000000000000002        1.2074961583701952E-002   1.2074961583701948E-002
                    0   1.0000000000000002        1.2191478923641059        1.2191478923641057
                    0   1.0000000000000002        1.2191478923641059        1.2191478923641057
                    0   1.0000000000000002        1.2202544310917279E-004   1.2202544310917277E-004
                    0   1.0000000000000002        1.2314718432514705E-002   1.2314718432514702E-002
                    0   1.0000000000000002        1.2504913512091975        1.2504913512091973
                    0   1.0000000000000002        1.2504913512091975        1.2504913512091973
                    0   1.0000000000000002        1.2538991342106653        1.2538991342106651
                    0   1.0000000000000002        1.2684982557134576        1.2684982557134574
                    0   1.0000000000000002        1.3033960916899443        1.3033960916899441
                    0   1.0000000000000002        1.3033960916899443        1.3033960916899441
                    0   1.0000000000000002        1.3114908623595054E-004   1.3114908623595051E-004
                    0   1.0000000000000002        1.3210695995558037        1.3210695995558035
                    0   1.0000000000000002        1.3504471732332548        1.3504471732332546
                    0   1.0000000000000002        1.3531940324727596        1.3531940324727594
                    0   1.0000000000000002        1.3586481733059708E-003   1.3586481733059705E-003
                    0   1.0000000000000002        1.3845792592447779        1.3845792592447776
                    0   1.0000000000000002        1.3845792592447779        1.3845792592447776
                    0   1.0000000000000002        1.4056350749229445E-003   1.4056350749229443E-003
                    0   1.0000000000000002        1.4056350749229445E-003   1.4056350749229443E-003
                    0   1.0000000000000002        1.4440329067168379E-002   1.4440329067168375E-002
                    0   1.0000000000000002        1.4440329067168379E-002   1.4440329067168375E-002
                    0   1.0000000000000002        1.4440329067168379E-002   1.4440329067168375E-002
                    0   1.0000000000000002        1.4488554465791506E-003   1.4488554465791504E-003
                    0   1.0000000000000002        1.4614111343608895E-003   1.4614111343608893E-003
                    0   1.0000000000000002        1.5282379453447077E-003   1.5282379453447072E-003
                    0   1.0000000000000002        1.5591715692409495E-002   1.5591715692409492E-002
                    0   1.0000000000000002        1.5718604982969883E-003   1.5718604982969879E-003
                    0   1.0000000000000002        1.5952958069250854E-003   1.5952958069250850E-003
                    0   1.0000000000000002        1.5973266367006442        1.5973266367006438
                    0   1.0000000000000002        1.6076916106321219E-002   1.6076916106321216E-002
                    0   1.0000000000000002        1.6219783936375690E-002   1.6219783936375687E-002
                    0   1.0000000000000002        1.6712323829613327E-002   1.6712323829613324E-002
                    0   1.0000000000000002        1.7471858912340807E-005   1.7471858912340803E-005
                    0   1.0000000000000002        1.7582209214529749E-005   1.7582209214529746E-005
                    0   1.0000000000000002        1.7660513726774902E-003   1.7660513726774898E-003
                    0   1.0000000000000002        1.7660513726774902E-003   1.7660513726774898E-003
                    0   1.0000000000000002        1.7660513726774902E-003   1.7660513726774898E-003
                    0   1.0000000000000002        1.7660513726774902E-003   1.7660513726774898E-003
                    0   1.0000000000000002        1.7660513726774902E-003   1.7660513726774898E-003
                    0   1.0000000000000002        1.8084366056217500        1.8084366056217496
                    0   1.0000000000000002        1.8084366056217500        1.8084366056217496
                    0   1.0000000000000002        1.8152371819269663E-002   1.8152371819269660E-002
                    0   1.0000000000000002        1.8175390259904216E-002   1.8175390259904212E-002
                    0   1.0000000000000002        1.8175390259904216E-002   1.8175390259904212E-002
                    0   1.0000000000000002        1.8175390259904216E-002   1.8175390259904212E-002
                    0   1.0000000000000002        1.8608075978237208E-002   1.8608075978237205E-002
                    0   1.0000000000000002        1.8608075978237208E-002   1.8608075978237205E-002
                    0   1.0000000000000002        1.8704849476846319        1.8704849476846315
                    0   1.0000000000000002        1.8704849476846319        1.8704849476846315
                    0   1.0000000000000002        1.8785307741443146E-003   1.8785307741443142E-003
                    0   1.0000000000000002        1.9044949905546033E-006   1.9044949905546028E-006
                    0   1.0000000000000002        1.9161743259634424E-004   1.9161743259634418E-004
                    0   1.0000000000000002        1.9475463193900644E-002   1.9475463193900640E-002
                    0   1.0000000000000002        1.9491585997473522        1.9491585997473517
                    0   1.0000000000000002        1.9639175711693200E-006   1.9639175711693196E-006
                    0   1.0000000000000002        1.9680330821263816        1.9680330821263812
                    0   1.0000000000000002        1.9959531211697901        1.9959531211697896
                    0   1.0000000000000002        1.9971945519837826E-004   1.9971945519837821E-004
                    0   1.0000000000000002        1.9995917519220717E-006   1.9995917519220713E-006
                    0   1.0000000000000002        2.0084220460490103        2.0084220460490099
                    0   1.0000000000000002        2.0236395057413540E-002   2.0236395057413537E-002
                    0   1.0000000000000002        2.0299748388464796        2.0299748388464791
                    0   1.0000000000000002        2.0299748388464796        2.0299748388464791
                    0   1.0000000000000002        2.0501927836146995E-006   2.0501927836146991E-006
                    0   1.0000000000000002        2.0686236208666889E-006   2.0686236208666885E-006
                    0   1.0000000000000002        2.0971881281499929E-004   2.0971881281499924E-004
                    0   1.0000000000000002        2.1303344308995126E-002   2.1303344308995123E-002
                    0   1.0000000000000002        2.1514910673425810E-005   2.1514910673425807E-005
                    0   1.0000000000000002        2.1547121483967557        2.1547121483967553
                    0   1.0000000000000002        2.1622344810005283E-002   2.1622344810005276E-002
                    0   1.0000000000000002        2.1630589609106683E-006   2.1630589609106679E-006
                    0   1.0000000000000002        2.1634050925699654E-002   2.1634050925699651E-002
                    0   1.0000000000000002        2.1634050925699654E-002   2.1634050925699651E-002
                    0   1.0000000000000002        2.2163417407198806E-005   2.2163417407198802E-005
                    0   1.0000000000000002        2.2239078138873013E-004   2.2239078138873008E-004
                    0   1.0000000000000002        2.2399870425968169E-002   2.2399870425968162E-002
                    0   1.0000000000000002        2.2442172501129232E-003   2.2442172501129227E-003
                    0   1.0000000000000002        2.2444526761486183E-002   2.2444526761486179E-002
                    0   1.0000000000000002        2.2444526761486183E-002   2.2444526761486179E-002
                    0   1.0000000000000002        2.2491483128535688        2.2491483128535683
                    0   1.0000000000000002        2.2580675605995564E-002   2.2580675605995561E-002
                    0   1.0000000000000002        2.2580675605995564E-002   2.2580675605995561E-002
                    0   1.0000000000000002        2.2644039507903221E-002   2.2644039507903217E-002
                    0   1.0000000000000002        2.2669123569706812E-002   2.2669123569706809E-002
                    0   1.0000000000000002        2.2793394116656452E-005   2.2793394116656448E-005
                    0   1.0000000000000002        2.2862670498389497E-004   2.2862670498389491E-004
                    0   1.0000000000000002        2.2961631885128175E-005   2.2961631885128168E-005
                    0   1.0000000000000002        2.3769936565357069E-003   2.3769936565357064E-003
                    0   1.0000000000000002        2.3881238706366594E-005   2.3881238706366587E-005
                    0   1.0000000000000002        2.4514823829796854E-002   2.4514823829796847E-002
                    0   1.0000000000000002        2.5149767972751813E-002   2.5149767972751806E-002
                    0   1.0000000000000002        2.5638992506870398E-007   2.5638992506870393E-007
                    0   1.0000000000000002        2.5837108234258502E-002   2.5837108234258496E-002
                    0   1.0000000000000002        2.5898141955789391E-003   2.5898141955789386E-003
                    0   1.0000000000000002        2.5898141955789391E-003   2.5898141955789386E-003
                    0   1.0000000000000002        2.6000159301639729E-002   2.6000159301639722E-002
                    0   1.0000000000000002        2.6607453733374010E-004   2.6607453733374004E-004
                    0   1.0000000000000002        2.6783926578399342E-005   2.6783926578399335E-005
                    0   1.0000000000000002        2.7216062204725356E-006   2.7216062204725347E-006
                    0   1.0000000000000002        2.7420975231545651E-002   2.7420975231545644E-002
                    0   1.0000000000000002        2.7420975231545651E-002   2.7420975231545644E-002
                    0   1.0000000000000002        2.7420975231545651E-002   2.7420975231545644E-002
                    0   1.0000000000000002        2.7594552698085785E-005   2.7594552698085778E-005
                    0   1.0000000000000002        2.8256821962839844E-002   2.8256821962839837E-002
                    0   1.0000000000000002        2.8557970554241873E-002   2.8557970554241866E-002
                    0   1.0000000000000002        2.8864651258969552E-002   2.8864651258969545E-002
                    0   1.0000000000000002        3.1106628431921629E-003   3.1106628431921621E-003
                    0   1.0000000000000002        3.1106628431921629E-003   3.1106628431921621E-003
                    0   1.0000000000000002        3.1106628431921629E-003   3.1106628431921621E-003
                    0   1.0000000000000002        3.1719575117403735E-004   3.1719575117403729E-004
                    0   1.0000000000000002        3.1758138050666927E-002   3.1758138050666920E-002
                    0   1.0000000000000002        3.1910297051843868E-005   3.1910297051843861E-005
                    0   1.0000000000000002        3.3864126545597388E-002   3.3864126545597381E-002
                    0   1.0000000000000002        3.4936603851108569E-002   3.4936603851108562E-002
                    0   1.0000000000000002        3.4936603851108569E-002   3.4936603851108562E-002
                    0   1.0000000000000002        3.5423109384495074E-004   3.5423109384495063E-004
                    0   1.0000000000000002        3.6196643550244156E-002   3.6196643550244149E-002
                    0   1.0000000000000002        3.6219948332467066E-004   3.6219948332467060E-004
                    0   1.0000000000000002        3.6393892368762748E-005   3.6393892368762741E-005
                    0   1.0000000000000002        3.8433795391955869E-004   3.8433795391955858E-004
                    0   1.0000000000000002        3.8518021375048707E-002   3.8518021375048700E-002
                    0   1.0000000000000002        3.8518021375048707E-002   3.8518021375048700E-002
                    0   1.0000000000000002        3.8518021375048707E-002   3.8518021375048700E-002
                    0   1.0000000000000002        3.8518021375048707E-002   3.8518021375048700E-002
                    0   1.0000000000000002        3.8518021375048707E-002   3.8518021375048700E-002
                    0   1.0000000000000002        3.8518021375048707E-002   3.8518021375048700E-002
                    0   1.0000000000000002        4.0549459840939226E-003   4.0549459840939217E-003
                    0   1.0000000000000002        4.1206125730568053E-004   4.1206125730568042E-004
                    0   1.0000000000000002        4.1437027129263025E-002   4.1437027129263018E-002
                    0   1.0000000000000002        4.2355261271525897E-002   4.2355261271525890E-002
                    0   1.0000000000000002        4.2355261271525897E-002   4.2355261271525890E-002
                    0   1.0000000000000002        4.2355261271525897E-002   4.2355261271525890E-002
                    0   1.0000000000000002        4.2355261271525897E-002   4.2355261271525890E-002
                    0   1.0000000000000002        4.2577260869338975E-003   4.2577260869338966E-003
                    0   1.0000000000000002        4.2577260869338975E-003   4.2577260869338966E-003
                    0   1.0000000000000002        4.2577260869338975E-003   4.2577260869338966E-003
                    0   1.0000000000000002        4.2634911284561558E-004   4.2634911284561547E-004
                    0   1.0000000000000002        4.2845036100790286E-004   4.2845036100790275E-004
                    0   1.0000000000000002        4.3811665824437367E-004   4.3811665824437356E-004
                    0   1.0000000000000002        4.4151284316937256E-004   4.4151284316937245E-004
                    0   1.0000000000000002        4.4151284316937256E-004   4.4151284316937245E-004
                    0   1.0000000000000002        4.9030438411143135E-006   4.9030438411143126E-006
                    0   1.0000000000000002        4.9086929224878677E-006   4.9086929224878669E-006
                    0   1.0000000000000002        5.0394805891258382E-006   5.0394805891258373E-006
                    0   1.0000000000000002        5.1290719809314340E-006   5.1290719809314332E-006
                    0   1.0000000000000002        5.3436585912353042E-004   5.3436585912353032E-004
                    0   1.0000000000000002        5.3650930622957870E-007   5.3650930622957859E-007
                    0   1.0000000000000002        5.4055862025013200E-003   5.4055862025013191E-003
                    0   1.0000000000000002        5.4055862025013200E-003   5.4055862025013191E-003
                    0   1.0000000000000002        5.4055862025013200E-003   5.4055862025013191E-003
                    0   1.0000000000000002        5.4055862025013200E-003   5.4055862025013191E-003
                    0   1.0000000000000002        5.4055862025013208E-003   5.4055862025013191E-003
                    0   1.0000000000000002        5.4055862025013208E-003   5.4055862025013191E-003
                    0   1.0000000000000002        5.4055862025013208E-003   5.4055862025013191E-003
                    0   1.0000000000000002        5.4085127314249144E-003   5.4085127314249127E-003
                    0   1.0000000000000002        5.5925540032972773E-002   5.5925540032972759E-002
                    0   1.0000000000000002        5.6092396747879240E-002   5.6092396747879227E-002
                    0   1.0000000000000002        5.6092396747879240E-002   5.6092396747879227E-002
                    0   1.0000000000000002        5.6092396747879240E-002   5.6092396747879227E-002
                    0   1.0000000000000002        5.6111316903715456E-003   5.6111316903715448E-003
                    0   1.0000000000000002        5.6111316903715456E-003   5.6111316903715448E-003
                    0   1.0000000000000002        5.6111316903715465E-003   5.6111316903715448E-003
                    0   1.0000000000000002        5.6111316903715465E-003   5.6111316903715448E-003
                    0   1.0000000000000002        5.6342856516791518E-003   5.6342856516791500E-003
                    0   1.0000000000000002        5.6350643722759011E-006   5.6350643722759002E-006
                    0   1.0000000000000002        5.6625187584618101E-006   5.6625187584618092E-006
                    0   1.0000000000000002        5.6676975015192109E-003   5.6676975015192100E-003
                    0   1.0000000000000002        5.9396496690601762E-003   5.9396496690601744E-003
                    0   1.0000000000000002        6.1103555185442027E-005   6.1103555185442013E-005
                    0   1.0000000000000002        6.1129517813788307E-003   6.1129517813788290E-003
                    0   1.0000000000000002        6.1129517813788307E-003   6.1129517813788290E-003
                    0   1.0000000000000002        6.1129517813788307E-003   6.1129517813788290E-003
                    0   1.0000000000000002        6.1129517813788307E-003   6.1129517813788290E-003
                    0   1.0000000000000002        6.1650945895872964E-004   6.1650945895872953E-004
                    0   1.0000000000000002        6.2177874864294529E-003   6.2177874864294512E-003
                    0   1.0000000000000002        6.4189929449727179E-002   6.4189929449727165E-002
                    0   1.0000000000000002        6.4189929449727179E-002   6.4189929449727165E-002
                    0   1.0000000000000002        6.4369847088553728E-002   6.4369847088553714E-002
                    0   1.0000000000000002        6.4558442221512417E-007   6.4558442221512407E-007
                    0   1.0000000000000002        6.4576979126430162E-007   6.4576979126430152E-007
                    0   1.0000000000000002        6.4705403210994457E-005   6.4705403210994444E-005
                    0   1.0000000000000002        6.5000398254099322E-003   6.5000398254099305E-003
                    0   1.0000000000000002        6.5258385686842192E-006   6.5258385686842175E-006
                    0   1.0000000000000002        6.5560245593885402E-002   6.5560245593885388E-002
                    0   1.0000000000000002        6.5929801168908885E-003   6.5929801168908867E-003
                    0   1.0000000000000002        6.5929801168908885E-003   6.5929801168908867E-003
                    0   1.0000000000000002        6.6657619221575259E-002   6.6657619221575246E-002
                    0   1.0000000000000002        6.7721417234051869E-007   6.7721417234051847E-007
                    0   1.0000000000000002        6.8215858055298492E-003   6.8215858055298475E-003
                    0   1.0000000000000002        6.8215858055298492E-003   6.8215858055298475E-003
                    0   1.0000000000000002        6.8552438078864127E-003   6.8552438078864110E-003
                    0   1.0000000000000002        6.8632740104852083E-002   6.8632740104852069E-002
                    0   1.0000000000000002        6.8986381745214463E-006   6.8986381745214446E-006
                    0   1.0000000000000002        6.8986381745214463E-006   6.8986381745214446E-006
                    0   1.0000000000000002        6.9179185374540209E-003   6.9179185374540191E-003
                    0   1.0000000000000002        6.9636766534920264E-002   6.9636766534920250E-002
                    0   1.0000000000000002        6.9636766534920264E-002   6.9636766534920250E-002
                    0   1.0000000000000002        6.9636766534920264E-002   6.9636766534920250E-002
                    0   1.0000000000000002        6.9696616623062216E-002   6.9696616623062202E-002
                    0   1.0000000000000002        7.1023564850790116E-006   7.1023564850790099E-006
                    0   1.0000000000000002        7.1394926385604683E-003   7.1394926385604665E-003
                    0   1.0000000000000002        7.1394926385604683E-003   7.1394926385604665E-003
                    0   1.0000000000000002        7.1549413214387622E-005   7.1549413214387609E-005
                    0   1.0000000000000002        7.1937896286294309E-002   7.1937896286294295E-002
                    0   1.0000000000000002        7.1937896286294309E-002   7.1937896286294295E-002
                    0   1.0000000000000002        7.1937896286294309E-002   7.1937896286294295E-002
                    0   1.0000000000000002        7.1937896286294309E-002   7.1937896286294295E-002
                    0   1.0000000000000002        7.2190994316214882E-002   7.2190994316214868E-002
                    0   1.0000000000000002        7.2601692745554017E-002   7.2601692745554003E-002
                    0   1.0000000000000002        7.2933800181327678E-006   7.2933800181327661E-006
                    0   1.0000000000000002        7.4432303912948833E-002   7.4432303912948819E-002
                    0   1.0000000000000002        7.4432303912948833E-002   7.4432303912948819E-002
                    0   1.0000000000000002        7.5141230965772585E-003   7.5141230965772568E-003
                    0   1.0000000000000002        7.5141230965772585E-003   7.5141230965772568E-003
                    0   1.0000000000000002        7.5309287475302203E-002   7.5309287475302189E-002
                    0   1.0000000000000002        7.5309287475302203E-002   7.5309287475302189E-002
                    0   1.0000000000000002        7.5309287475302203E-002   7.5309287475302189E-002
                    0   1.0000000000000002        7.7966918795694925E-003   7.7966918795694907E-003
                    0   1.0000000000000002        7.8891623404337332E-003   7.8891623404337315E-003
                    0   1.0000000000000002        8.0081792749105457E-002   8.0081792749105443E-002
                    0   1.0000000000000002        8.0276319582702799E-006   8.0276319582702782E-006
                    0   1.0000000000000002        8.0945580229654160E-002   8.0945580229654146E-002
                    0   1.0000000000000002        8.0945580229654160E-002   8.0945580229654146E-002
                    0   1.0000000000000002        8.0945580229654160E-002   8.0945580229654146E-002
                    0   1.0000000000000002        8.0945580229654160E-002   8.0945580229654146E-002
                    0   1.0000000000000002        8.0945580229654160E-002   8.0945580229654146E-002
                    0   1.0000000000000002        8.0945580229654160E-002   8.0945580229654146E-002
                    0   1.0000000000000002        8.0945580229654160E-002   8.0945580229654146E-002
                    0   1.0000000000000002        8.1970994486965667E-005   8.1970994486965640E-005
                    0   1.0000000000000002        8.4262144840369920E-006   8.4262144840369903E-006
                    0   1.0000000000000002        8.4574627029547475E-002   8.4574627029547461E-002
                    0   1.0000000000000002        8.5213377235980506E-002   8.5213377235980492E-002
                    0   1.0000000000000002        8.5512845122850970E-002   8.5512845122850956E-002
                    0   1.0000000000000002        8.6489379240021133E-002   8.6489379240021105E-002
                    0   1.0000000000000002        8.6536203702798617E-002   8.6536203702798603E-002
                    0   1.0000000000000002        8.7341509627771423E-003   8.7341509627771406E-003
                    0   1.0000000000000002        8.9494628037456919E-002   8.9494628037456905E-002
                    0   1.0000000000000002        8.9778107045944730E-002   8.9778107045944716E-002
                    0   1.0000000000000002        8.9778107045944730E-002   8.9778107045944716E-002
                    0   1.0000000000000002        8.9778107045944730E-002   8.9778107045944716E-002
                    0   1.0000000000000002        8.9778107045944730E-002   8.9778107045944716E-002
                    0   1.0000000000000002        8.9778107045944730E-002   8.9778107045944716E-002
                    0   1.0000000000000002        8.9778107045944730E-002   8.9778107045944716E-002
                    0   1.0000000000000002        9.0446428281881194E-002   9.0446428281881180E-002
                    0   1.0000000000000002        9.0446428281881208E-002   9.0446428281881180E-002
                    0   1.0000000000000002        9.0491608875610391E-003   9.0491608875610374E-003
                    0   1.0000000000000002        9.0576158031612883E-002   9.0576158031612869E-002
                    0   1.0000000000000002        9.3982871818152907E-006   9.3982871818152890E-006
                    0   1.0000000000000002        9.4724166502839199E-002   9.4724166502839172E-002
                    0   1.0000000000000002        9.6512081814144196E-002   9.6512081814144168E-002
                    0   1.0000000000000002        9.8059295319187417E-002   9.8059295319187390E-002
                    0   1.0000000000000002        9.9484599782871247E-002   9.9484599782871219E-002
                    0   1.0000000000000002       0.10010491846498679       0.10010491846498676
                    0   1.0000000000000002       0.10059907189100725       0.10059907189100722
                    0   1.0000000000000002       0.10084371155112085       0.10084371155112082
                    0   1.0000000000000002       0.10243578454827891       0.10243578454827888
                    0   1.0000000000000002       0.11068669659926433       0.11068669659926431
                    0   1.0000000000000002       0.11068669659926433       0.11068669659926431
                    0   1.0000000000000002       0.11423188221696749       0.11423188221696746
                    0   1.0000000000000002       0.11578899040643832       0.11578899040643829
                    0   1.0000000000000002       0.11767338345217533       0.11767338345217530
                    0   1.0000000000000002       0.12022596954523614       0.12022596954523611
                    0   1.0000000000000002       0.12129391486334207       0.12129391486334204
                    0   1.0000000000000002       0.12300206763289885       0.12300206763289882
                    0   1.0000000000000002       0.12474707007311188       0.12474707007311185
                    0   1.0000000000000002       0.12552637787806314       0.12552637787806312
                    0   1.0000000000000002       0.13282676181747019       0.13282676181747016
                    0   1.0000000000000002       0.13309451816645620       0.13309451816645618
                    0   1.0000000000000002       0.13309451816645620       0.13309451816645618
                    0   1.0000000000000002       0.13314673872944241       0.13314673872944238
                    0   1.0000000000000002       0.13363346661230893       0.13363346661230890
                    0   1.0000000000000002       0.13711376749904658       0.13711376749904655
                    0   1.0000000000000002       0.13863131679378807       0.13863131679378804
                    0   1.0000000000000002       0.13863131679378807       0.13863131679378804
                    0   1.0000000000000002       0.13863131679378807       0.13863131679378804
                    0   1.0000000000000002       0.13863131679378807       0.13863131679378804
                    0   1.0000000000000002       0.13974641540443428       0.13974641540443425
                    0   1.0000000000000002       0.13974641540443428       0.13974641540443425
                    0   1.0000000000000002       0.13974641540443428       0.13974641540443425
                    0   1.0000000000000002       0.13974641540443428       0.13974641540443425
                    0   1.0000000000000002       0.14045098270097939       0.14045098270097936
                    0   1.0000000000000002       0.14552224127472088       0.14552224127472085
                    0   1.0000000000000002       0.15188738682799444       0.15188738682799441
                    0   1.0000000000000002       0.16763159729723093       0.16763159729723090
                    0   1.0000000000000002       0.16763159729723096       0.16763159729723090
                    0   1.0000000000000002       0.16942104508610359       0.16942104508610356
                    0   1.0000000000000002       0.16942104508610359       0.16942104508610356
                    0   1.0000000000000002       0.16942104508610359       0.16942104508610356
                    0   1.0000000000000002       0.16942104508610362       0.16942104508610356
                    0   1.0000000000000002       0.17587915042912375       0.17587915042912372
                    0   1.0000000000000002       0.17836318526488809       0.17836318526488804
                    0   1.0000000000000002       0.18011485330294130       0.18011485330294127
                    0   1.0000000000000002       0.18488333374237087       0.18488333374237084
                    0   1.0000000000000002       0.18565729851406854       0.18565729851406851
                    0   1.0000000000000002       0.19736403742312220       0.19736403742312214
                    0   1.0000000000000002       0.19736403742312220       0.19736403742312214
                    0   1.0000000000000002       0.19736403742312220       0.19736403742312214
                    0   1.0000000000000002       0.19736403742312220       0.19736403742312214
                    0   1.0000000000000002       0.19736403742312220       0.19736403742312214
                    0   1.0000000000000002       0.22436958699151696       0.22436958699151691
                    0   1.0000000000000002       0.23688171816285483       0.23688171816285478
                    0   1.0000000000000002       0.23867421388780616       0.23867421388780610
                    0   1.0000000000000002       0.23867421388780616       0.23867421388780610
                    0   1.0000000000000002       0.24513668957337920       0.24513668957337914
                    0   1.0000000000000002       0.24513668957337920       0.24513668957337914
                    0   1.0000000000000002       0.25163296841625304       0.25163296841625299
                    0   1.0000000000000002       0.25163296841625304       0.25163296841625299
                    0   1.0000000000000002       0.25696573889316526       0.25696573889316521
                    0   1.0000000000000002       0.25723065770113951       0.25723065770113945
                    0   1.0000000000000002       0.25723065770113951       0.25723065770113945
                    0   1.0000000000000002       0.25951654298201104       0.25951654298201099
                    0   1.0000000000000002       0.25951654298201104       0.25951654298201099
                    0   1.0000000000000002       0.25958322662516070       0.25958322662516065
                    0   1.0000000000000002       0.25958322662516070       0.25958322662516065
                    0   1.0000000000000002       0.26224098237554161       0.26224098237554155
                    0   1.0000000000000002       0.26224098237554161       0.26224098237554155
                    0   1.0000000000000002       0.26424914355725337       0.26424914355725332
                    0   1.0000000000000002       0.27249446956376944       0.27249446956376938
                    0   1.0000000000000002       0.27334146229062556       0.27334146229062550
                    0   1.0000000000000002       0.27334146229062556       0.27334146229062550
                    0   1.0000000000000002       0.27453096041940833       0.27453096041940828
                    0   1.0000000000000002       0.27668441029493496       0.27668441029493490
                    0   1.0000000000000002       0.27668441029493496       0.27668441029493490
                    0   1.0000000000000002       0.27668441029493496       0.27668441029493490
                    0   1.0000000000000002       0.27668441029493496       0.27668441029493490
                    0   1.0000000000000002       0.28409072423775661       0.28409072423775655
                    0   1.0000000000000002       0.28506932596834839       0.28506932596834833
                    0   1.0000000000000002       0.28506932596834839       0.28506932596834833
                    0   1.0000000000000002       0.28506932596834839       0.28506932596834833
                    0   1.0000000000000002       0.28876397726485953       0.28876397726485947
                    0   1.0000000000000002       0.29080624415846745       0.29080624415846740
                    0   1.0000000000000002       0.29772921565179533       0.29772921565179528
                    0   1.0000000000000002       0.29919594396616306       0.29919594396616300
                    0   1.0000000000000002       0.32296575870455224       0.32296575870455219
                    0   1.0000000000000002       0.32300460735299658       0.32300460735299652
                    0   1.0000000000000002       0.32300460735299658       0.32300460735299652
                    0   1.0000000000000002       0.32300460735299658       0.32300460735299652
                    0   1.0000000000000002       0.33078309692649527       0.33078309692649521
                    0   1.0000000000000002       0.33676350516101822       0.33676350516101816
                    0   1.0000000000000002       0.34614481481119447       0.34614481481119441
                    0   1.0000000000000002       0.34614481481119452       0.34614481481119441
                    0   1.0000000000000002       0.34614481481119452       0.34614481481119441
                    0   1.0000000000000002       0.34614481481119452       0.34614481481119441
                    0   1.0000000000000002       0.34614481481119452       0.34614481481119441
                    0   1.0000000000000002       0.35312995839605893       0.35312995839605887
                    0   1.0000000000000002       0.35911242818377892       0.35911242818377886
                    0   1.0000000000000002       0.35911242818377892       0.35911242818377886
                    0   1.0000000000000002       0.35984257918027379       0.35984257918027374
                    0   1.0000000000000002       0.36178571312752478       0.36178571312752472
                    0   1.0000000000000002       0.36178571312752483       0.36178571312752472
                    0   1.0000000000000002       0.38013757881985127       0.38013757881985116
                    0   1.0000000000000002       0.39793839913148499       0.39793839913148488
                    0   1.0000000000000002       0.40337484620448338       0.40337484620448327
                    0   1.0000000000000002       0.41600254882623566       0.41600254882623555
                    0   1.0000000000000002       0.41600254882623566       0.41600254882623555
                    0   1.0000000000000002       0.42700484854674725       0.42700484854674714
                    0   1.0000000000000002       0.43658149155391035       0.43658149155391024
                    0   1.0000000000000002       0.45210915140543750       0.45210915140543739
                    0   1.0000000000000002       0.46604767900540617       0.46604767900540606
                    0   1.0000000000000002       0.48517565945336827       0.48517565945336816
                    0   1.0000000000000002       0.48517565945336827       0.48517565945336816
                    0   1.0000000000000002       0.49239287344878591       0.49239287344878579
                    0   1.0000000000000002       0.50589489833856149       0.50589489833856138
                    0   1.0000000000000002       0.50813020881067084       0.50813020881067072
                    0   1.0000000000000002       0.51515452875508050       0.51515452875508039
                    0   1.0000000000000002       0.53237807266582482       0.53237807266582471
                    0   1.0000000000000002       0.53258695491776964       0.53258695491776953
                    0   1.0000000000000002       0.53584441103955294       0.53584441103955283
                    0   1.0000000000000002       0.53584441103955294       0.53584441103955283
                    0   1.0000000000000002       0.53867803709918893       0.53867803709918882
                    0   1.0000000000000002       0.53867803709918893       0.53867803709918882
                    0   1.0000000000000002       0.53867803709918893       0.53867803709918882
                    0   1.0000000000000002       0.54845506999618632       0.54845506999618621
                    0   1.0000000000000002       0.54845506999618632       0.54845506999618621
                    0   1.0000000000000002       0.54845506999618632       0.54845506999618621
                    0   1.0000000000000002       0.55506632807645595       0.55506632807645584
                    0   1.0000000000000002       0.55506632807645595       0.55506632807645584
                    0   1.0000000000000002       0.55898566161773711       0.55898566161773700
                    0   1.0000000000000002       0.56180393080391755       0.56180393080391744
                    0   1.0000000000000002       0.57914629680390650       0.57914629680390639
                    0   1.0000000000000002       0.66299243406820840       0.66299243406820829
                    0   1.0000000000000002       0.66299243406820840       0.66299243406820829
                    0   1.0000000000000002       0.67052638918892371       0.67052638918892360
                    0   1.0000000000000002       0.67052638918892382       0.67052638918892360
                    0   1.0000000000000002       0.67052638918892382       0.67052638918892360
                    0   1.0000000000000002       0.78814197968094113       0.78814197968094091
                    0   1.0000000000000002       0.83718255502858874       0.83718255502858852
                    0   1.0000000000000002       0.84299382831061864       0.84299382831061842
                    0   1.0000000000000002       0.89413326297487372       0.89413326297487350
                    0   1.0000000000000002       0.89747834796606785       0.89747834796606762
                    0   1.0000000000000002       0.91755374131329726       0.91755374131329703
                    0   1.0000000000000002       0.92418106029877622       0.92418106029877600
                    0   1.0000000000000002       0.95469685555122463       0.95469685555122441
                    0   1.0000000000000004        1.0513330008311823E-006   1.0513330008311818E-006
                    0   1.0000000000000004        1.0880744771081293E-003   1.0880744771081289E-003
                    0   1.0000000000000004        1.0880744771081293E-003   1.0880744771081289E-003
                    0   1.0000000000000004        1.0963592521630721        1.0963592521630716
                    0   1.0000000000000004        1.1037821079234315E-004   1.1037821079234311E-004
                    0   1.0000000000000004        1.1037821079234315E-004   1.1037821079234311E-004
                    0   1.0000000000000004        1.1037821079234317E-004   1.1037821079234311E-004
                    0   1.0000000000000004        1.1037821079234317E-004   1.1037821079234311E-004
                    0   1.0000000000000004        1.1077936951518941E-003   1.1077936951518937E-003
                    0   1.0000000000000004        1.1344014491492817E-003   1.1344014491492813E-003
                    0   1.0000000000000004        1.1344014491492817E-003   1.1344014491492813E-003
                    0   1.0000000000000004        1.1344014491492817E-003   1.1344014491492813E-003
                    0   1.0000000000000004        1.1550559090594383        1.1550559090594379
                    0   1.0000000000000004        1.1550559090594383        1.1550559090594379
                    0   1.0000000000000004        1.1617517964332587        1.1617517964332582
                    0   1.0000000000000004        1.1871636873272473        1.1871636873272469
                    0   1.0000000000000004        1.2049485996048355        1.2049485996048350
                    0   1.0000000000000004        1.2123846723612370        1.2123846723612366
                    0   1.0000000000000004        1.2124871956018999E-003   1.2124871956018994E-003
                    0   1.0000000000000004        1.2191478923641061        1.2191478923641057
                    0   1.0000000000000004        1.2191478923641061        1.2191478923641057
                    0   1.0000000000000004        1.2423635053134661E-004   1.2423635053134655E-004
                    0   1.0000000000000004        1.2920184294119867        1.2920184294119861
                    0   1.0000000000000004        1.2951369520313127E-004   1.2951369520313122E-004
                    0   1.0000000000000004        1.2957035025329906        1.2957035025329899
                    0   1.0000000000000004        1.3033960916899445        1.3033960916899441
                    0   1.0000000000000004        1.4115370113421815E-005   1.4115370113421810E-005
                    0   1.0000000000000004        1.4946797097952142E-003   1.4946797097952135E-003
                    0   1.0000000000000004        1.5718604982969888E-003   1.5718604982969879E-003
                    0   1.0000000000000004        1.7409191633730069E-002   1.7409191633730062E-002
                    0   1.0000000000000004        1.7660513726774905E-003   1.7660513726774898E-003
                    0   1.0000000000000004        1.7847057656165417        1.7847057656165410
                    0   1.0000000000000004        1.8175390259904219E-002   1.8175390259904212E-002
                    0   1.0000000000000004        1.8704849476846321        1.8704849476846315
                    0   1.0000000000000004        1.9089687611854540E-006   1.9089687611854531E-006
                    0   1.0000000000000004        1.9237323298393840E-006   1.9237323298393831E-006
                    0   1.0000000000000004        1.9371305162387749        1.9371305162387742
                    0   1.0000000000000004        1.9695714937951438        1.9695714937951432
                    0   1.0000000000000004        2.0299748388464800        2.0299748388464791
                    0   1.0000000000000004        2.1211945364054143E-006   2.1211945364054135E-006
                    0   1.0000000000000004        2.1295122906632997        2.1295122906632988
                    0   1.0000000000000004        2.1303478196710790        2.1303478196710781
                    0   1.0000000000000004        2.1634050925699661E-002   2.1634050925699651E-002
                    0   1.0000000000000004        2.2491483128535692        2.2491483128535683
                    0   1.0000000000000004        2.3758598676240708E-002   2.3758598676240698E-002
                    0   1.0000000000000004        2.7286343222119404E-002   2.7286343222119390E-002
                    0   1.0000000000000004        2.7420975231545654E-002   2.7420975231545644E-002
                    0   1.0000000000000004        2.7671674149816087E-002   2.7671674149816076E-002
                    0   1.0000000000000004        2.7671674149816087E-002   2.7671674149816076E-002
                    0   1.0000000000000004        2.8256821962839851E-002   2.8256821962839837E-002
                    0   1.0000000000000004        3.4421074779656530E-002   3.4421074779656516E-002
                    0   1.0000000000000004        3.6196643550244163E-002   3.6196643550244149E-002
                    0   1.0000000000000004        3.8518021375048721E-002   3.8518021375048700E-002
                    0   1.0000000000000004        4.0231154430346088E-003   4.0231154430346071E-003
                    0   1.0000000000000004        4.1437027129263032E-002   4.1437027129263018E-002
                    0   1.0000000000000004        4.2355261271525911E-002   4.2355261271525890E-002
                    0   1.0000000000000004        4.3522979084325173E-003   4.3522979084325156E-003
                    0   1.0000000000000004        4.3522979084325173E-003   4.3522979084325156E-003
                    0   1.0000000000000004        4.4151284316937262E-004   4.4151284316937245E-004
                    0   1.0000000000000004        4.5119371447634310E-003   4.5119371447634293E-003
                    0   1.0000000000000004        4.5376057965971269E-003   4.5376057965971252E-003
                    0   1.0000000000000004        4.7272046505986480E-002   4.7272046505986459E-002
                    0   1.0000000000000004        4.7807279373067527E-004   4.7807279373067506E-004
                    0   1.0000000000000004        4.8896978858436254E-004   4.8896978858436232E-004
                    0   1.0000000000000004        5.0590987643533859E-003   5.0590987643533841E-003
                    0   1.0000000000000004        5.0590987643533859E-003   5.0590987643533841E-003
                    0   1.0000000000000004        5.4644251758688970E-005   5.4644251758688950E-005
                    0   1.0000000000000004        5.6111316903715474E-003   5.6111316903715448E-003
                    0   1.0000000000000004        5.6111316903715474E-003   5.6111316903715448E-003
                    0   1.0000000000000004        5.8456445374435598E-003   5.8456445374435572E-003
                    0   1.0000000000000004        5.8720432942483911E-006   5.8720432942483886E-006
                    0   1.0000000000000004        6.2874419931879541E-003   6.2874419931879515E-003
                    0   1.0000000000000004        6.4592770585646265E-003   6.4592770585646239E-003
                    0   1.0000000000000004        6.4745354889473488E-004   6.4745354889473466E-004
                    0   1.0000000000000004        6.4879135745502775E-002   6.4879135745502747E-002
                    0   1.0000000000000004        6.4879135745502775E-002   6.4879135745502747E-002
                    0   1.0000000000000004        6.5000398254099331E-003   6.5000398254099305E-003
                    0   1.0000000000000004        6.5000398254099340E-003   6.5000398254099305E-003
                    0   1.0000000000000004        6.5000398254099340E-003   6.5000398254099305E-003
                    0   1.0000000000000004        6.6719507585429267E-003   6.6719507585429241E-003
                    0   1.0000000000000004        6.8123617390942373E-002   6.8123617390942345E-002
                    0   1.0000000000000004        6.8123617390942373E-002   6.8123617390942345E-002
                    0   1.0000000000000004        6.8986381745214480E-006   6.8986381745214446E-006
                    0   1.0000000000000004        7.1394926385604691E-003   7.1394926385604665E-003
                    0   1.0000000000000004        7.1937896286294323E-002   7.1937896286294295E-002
                    0   1.0000000000000004        7.1937896286294323E-002   7.1937896286294295E-002
                    0   1.0000000000000004        7.2190994316214896E-002   7.2190994316214868E-002
                    0   1.0000000000000004        7.2601692745554031E-002   7.2601692745554003E-002
                    0   1.0000000000000004        7.2601692745554031E-002   7.2601692745554003E-002
                    0   1.0000000000000004        7.2609487277078666E-002   7.2609487277078638E-002
                    0   1.0000000000000004        7.4432303912948847E-002   7.4432303912948819E-002
                    0   1.0000000000000004        7.5309287475302231E-002   7.5309287475302189E-002
                    0   1.0000000000000004        7.5309287475302231E-002   7.5309287475302189E-002
                    0   1.0000000000000004        8.0751151838249172E-002   8.0751151838249130E-002
                    0   1.0000000000000004        8.0945580229654174E-002   8.0945580229654146E-002
                    0   1.0000000000000004        8.2817091452569132E-007   8.2817091452569100E-007
                    0   1.0000000000000004        8.4517421999661703E-003   8.4517421999661668E-003
                    0   1.0000000000000004        8.5213377235980534E-002   8.5213377235980492E-002
                    0   1.0000000000000004        8.5498537459764885E-003   8.5498537459764851E-003
                    0   1.0000000000000004        9.0446428281881222E-002   9.0446428281881180E-002
                    0   1.0000000000000004        9.0676494278827277E-002   9.0676494278827235E-002
                    0   1.0000000000000004       0.10968390092618262       0.10968390092618258
                    0   1.0000000000000004       0.11069898311876487       0.11069898311876482
                    0   1.0000000000000004       0.11479908598793670       0.11479908598793666
                    0   1.0000000000000004       0.12552637787806317       0.12552637787806312
                    0   1.0000000000000004       0.12552637787806317       0.12552637787806312
                    0   1.0000000000000004       0.13309451816645623       0.13309451816645618
                    0   1.0000000000000004       0.13768429911862612       0.13768429911862606
                    0   1.0000000000000004       0.14478657420097665       0.14478657420097660
                    0   1.0000000000000004       0.16229952466508105       0.16229952466508099
                    0   1.0000000000000004       0.16574810851705213       0.16574810851705207
                    0   1.0000000000000004       0.16942104508610364       0.16942104508610356
                    0   1.0000000000000004       0.17939438189253407       0.17939438189253398
                    0   1.0000000000000004       0.22353331574371846       0.22353331574371837
                    0   1.0000000000000004       0.22436958699151702       0.22436958699151691
                    0   1.0000000000000004       0.23104526507469408       0.23104526507469400
                    0   1.0000000000000004       0.23104526507469411       0.23104526507469400
                    0   1.0000000000000004       0.23867421388780619       0.23867421388780610
                    0   1.0000000000000004       0.25951654298201110       0.25951654298201099
                    0   1.0000000000000004       0.27334146229062561       0.27334146229062550
                    0   1.0000000000000004       0.27668441029493501       0.27668441029493490
                    0   1.0000000000000004       0.27854706613968111       0.27854706613968100
                    0   1.0000000000000004       0.28456245003713687       0.28456245003713676
                    0   1.0000000000000004       0.28506932596834844       0.28506932596834833
                    0   1.0000000000000004       0.28506932596834844       0.28506932596834833
                    0   1.0000000000000004       0.28506932596834844       0.28506932596834833
                    0   1.0000000000000004       0.28625893641979183       0.28625893641979172
                    0   1.0000000000000004       0.28876397726485958       0.28876397726485947
                    0   1.0000000000000004       0.29040677098221612       0.29040677098221601
                    0   1.0000000000000004       0.29080624415846751       0.29080624415846740
                    0   1.0000000000000004       0.30478697309102654       0.30478697309102643
                    0   1.0000000000000004       0.32300460735299663       0.32300460735299652
                    0   1.0000000000000004       0.32300460735299663       0.32300460735299652
                    0   1.0000000000000004       0.32378232091861670       0.32378232091861658
                    0   1.0000000000000004       0.35911242818377903       0.35911242818377886
                    0   1.0000000000000004       0.42195072748101692       0.42195072748101675
                    0   1.0000000000000004       0.44274678639705745       0.44274678639705722
                    0   1.0000000000000004       0.45210915140543756       0.45210915140543739
                    0   1.0000000000000004       0.45919634395174680       0.45919634395174663
                    0   1.0000000000000004       0.46315596162575334       0.46315596162575318
                    0   1.0000000000000004       0.46604767900540622       0.46604767900540606
                    0   1.0000000000000004       0.48090387818094460       0.48090387818094443
                    0   1.0000000000000004       0.48090387818094460       0.48090387818094443
                    0   1.0000000000000004       0.49239287344878596       0.49239287344878579
                    0   1.0000000000000004       0.50589489833856160       0.50589489833856138
                    0   1.0000000000000004       0.53867803709918904       0.53867803709918882
                    0   1.0000000000000004       0.54845506999618643       0.54845506999618621
                    0   1.0000000000000004       0.55898566161773722       0.55898566161773700
                    0   1.0000000000000004       0.56180393080391766       0.56180393080391744
                    0   1.0000000000000004       0.63486500253174571       0.63486500253174549
                    0   1.0000000000000004       0.67052638918892393       0.67052638918892360
                    0   1.0000000000000004       0.89747834796606807       0.89747834796606762
                    0   1.0000000000000004       0.91764103818791420       0.91764103818791376
                    0   1.0000000000000004       0.92418106029877645       0.92418106029877600
                    0   1.0000000000000004       0.99786980431420780       0.99786980431420746
                    0   1.0000000000000004       0.99786980431420780       0.99786980431420746
                    0   1.0000000000000004       0.99786980431420780       0.99786980431420746
                    0   1.0000000000000007        1.1037821079234318E-004   1.1037821079234311E-004
                    0   1.0000000000000007        1.4440329067168384E-002   1.4440329067168375E-002
                    0   1.0000000000000007        1.5321764893623038E-003   1.5321764893623030E-003
                    0   1.0000000000000007        1.7083841393164104E-002   1.7083841393164094E-002
                    0   1.0000000000000007        1.8047748579053727E-002   1.8047748579053717E-002
                    0   1.0000000000000007        1.8175390259904223E-002   1.8175390259904212E-002
                    0   1.0000000000000007        2.0299748388464804        2.0299748388464791
                    0   1.0000000000000007        2.6271662098396660E-006   2.6271662098396643E-006
                    0   1.0000000000000007        4.1822786413691417E-006   4.1822786413691392E-006
                    0   1.0000000000000007        4.4151284316937272E-004   4.4151284316937245E-004
                    0   1.0000000000000007        4.5376057965971286E-003   4.5376057965971252E-003
                    0   1.0000000000000007        6.1129517813788324E-003   6.1129517813788290E-003
                    0   1.0000000000000007        6.4879135745502789E-002   6.4879135745502747E-002
                    0   1.0000000000000007        6.9887435649363267E-005   6.9887435649363213E-005
                    0   1.0000000000000007        9.0159241896551565E-005   9.0159241896551511E-005
                    0   1.0000000000000007        9.0446428281881236E-002   9.0446428281881180E-002
                    0   1.0000000000000007        9.0446428281881236E-002   9.0446428281881180E-002
                    0   1.0000000000000007       0.11069898311876489       0.11069898311876482
                    0   1.0000000000000007       0.13309451816645626       0.13309451816645618
                    0   1.0000000000000007       0.27668441029493507       0.27668441029493490
                    0   1.0000000000000007       0.27668441029493507       0.27668441029493490
                    0   1.0000000000000007       0.53237807266582504       0.53237807266582471
                    0   1.0000000000000007       0.54845506999618654       0.54845506999618621
                    0   1.0000000000000009        1.0489639295021671        1.0489639295021662
                    0   1.0000000000000009        1.6076916106321230E-002   1.6076916106321216E-002
                    0   1.0000000000000009        6.8335365572656431E-002   6.8335365572656376E-002
                    0   1.0000000000000013        1.2049485996048366        1.2049485996048350
                    0   1.0000000000000013        4.0231154430346123E-003   4.0231154430346071E-003
                    0   1.0000000000003111       0.36230463212656416       0.36230463212645148
                    0   1.0000000000897342       0.30478697311837627       0.30478697309102643
                    0  0.99999999999999978        2.1816809098656615        2.1816809098656620     
                    0  0.99999999999999978       0.65840089669375645       0.65840089669375657     
                    0   1.0000000000000000        7.0485784452574917E-004   7.0485784452574917E-004
                    0  0.99999999999999978        1.0261542017274675E-003   1.0261542017274677E-003
                    0  0.99999999999999989        1.6705574855234826E-003   1.6705574855234828E-003
                    0  0.99999999999999978       0.12796979845564807       0.12796979845564810     
                    0   1.0000000000000000       0.12796979845564810       0.12796979845564810     
                    0   1.0000000000000000        3.1992449613912025E-002   3.1992449613912025E-002
                    0  0.99999999999999967        5.8592817073456680E-006   5.8592817073456697E-006
                    0  0.99999999999999989       0.10431876216388103       0.10431876216388104     
                    0   1.0000000000000000       0.12794105353885105       0.12794105353885105     
                    0  0.99999999999999978       0.12794105353885102       0.12794105353885105     
                    0  0.99999999999999978        3.1985263384712755E-002   3.1985263384712762E-002
                    0   1.0000000000000002        4.2845036100790286E-004   4.2845036100790275E-004
                    0  0.99999999999999978        4.1675754589069556E-003   4.1675754589069565E-003
                    0   1.0000000000000004        5.4644251758688970E-005   5.4644251758688950E-005
                    0  0.99999999999999989        1.8826156778316916E-003   1.8826156778316918E-003
                    0   1.0000000000000000        2.8821220815724322E-007   2.8821220815724322E-007
                    0   1.0000000000000000        7.4096589981057420E-006   7.4096589981057420E-006
                    0   1.0000000000000002        1.5952958069250854E-003   1.5952958069250850E-003
                    0  0.99999999999999978        3.9882395173127113E-004   3.9882395173127124E-004
                    0  0.99999999999999989        9.0159241896551497E-005   9.0159241896551511E-005
                    0   1.0000000000000000        9.0159241896551511E-005   9.0159241896551511E-005
                    0   1.0000000000000007        9.0159241896551565E-005   9.0159241896551511E-005
                    0  0.99999999999999978        1.3473911192621904E-004   1.3473911192621906E-004
                    0  0.99999999999999978        7.4074576065806652E-005   7.4074576065806666E-005
                    0   1.0000000000000004        1.7847057656165417        1.7847057656165410     
                    0  0.99999999999999978        5.0363030195341501E-003   5.0363030195341510E-003
                    0   1.0000000000000000        5.0363030195341510E-003   5.0363030195341510E-003
                    0   1.0000000000000002        8.1970994486965667E-005   8.1970994486965640E-005
                    0  0.99999999999999989        1.8715459908690444        1.8715459908690446     
                    0  0.99999999999999989        1.8715459908690444        1.8715459908690446     
                    0  0.99999999999999989        1.8715459908690444        1.8715459908690446     
                    0   1.0000000000000002        2.1514910673425810E-005   2.1514910673425807E-005
                    0  0.99999999999999989        2.1514910673425803E-005   2.1514910673425807E-005
                    0   1.0000000000000000       0.99735651415980964       0.99735651415980964     
                    0  0.99999999999999978        1.5583695533747022E-002   1.5583695533747026E-002
                    0  0.99999999999999989        1.5583695533747024E-002   1.5583695533747026E-002
                    0  0.99999999999999989        1.5583695533747024E-002   1.5583695533747026E-002
                    0  0.99999999999999989        1.5583695533747024E-002   1.5583695533747026E-002
                    0  0.99999999999999989        3.8046131674187070E-006   3.8046131674187074E-006
                    0  0.99999999999999978        1.7595173371927515        1.7595173371927519     
                    0  0.99999999999999978        2.7492458393636742E-002   2.7492458393636749E-002
                    0  0.99999999999999989       0.37055906370119440       0.37055906370119446     
                    0  0.99999999999999989       0.41068740234768858       0.41068740234768863     
                    0  0.99999999999999989       0.10267185058692214       0.10267185058692216     
                    0  0.99999999999999978        2.1816809098656615        2.1816809098656620     
                    0  0.99999999999999978       0.65840089669375645       0.65840089669375657     
                    0   1.0000000000000000        7.0485784452574917E-004   7.0485784452574917E-004
                    0  0.99999999999999978        1.0261542017274675E-003   1.0261542017274677E-003
                    0  0.99999999999999989        1.6705574855234826E-003   1.6705574855234828E-003
                    0  0.99999999999999978       0.12796979845564807       0.12796979845564810     
                    0   1.0000000000000000       0.12796979845564810       0.12796979845564810     
                    0   1.0000000000000000        3.1992449613912025E-002   3.1992449613912025E-002
                    0  0.99999999999999967        5.8592817073456680E-006   5.8592817073456697E-006
                    0  0.99999999999999989       0.10431876216388103       0.10431876216388104     
                    0   1.0000000000000000       0.12794105353885105       0.12794105353885105     
                    0  0.99999999999999978       0.12794105353885102       0.12794105353885105     
                    0  0.99999999999999978        3.1985263384712755E-002   3.1985263384712762E-002
                    0   1.0000000000000002        4.2845036100790286E-004   4.2845036100790275E-004
                    0  0.99999999999999978        4.1675754589069556E-003   4.1675754589069565E-003
                    0   1.0000000000000004        5.4644251758688970E-005   5.4644251758688950E-005
                    0  0.99999999999999989        1.8826156778316916E-003   1.8826156778316918E-003
                    0   1.0000000000000000        2.8821220815724322E-007   2.8821220815724322E-007
                    0   1.0000000000000000        7.4096589981057420E-006   7.4096589981057420E-006
                    0   1.0000000000000002        1.5952958069250854E-003   1.5952958069250850E-003
                    0  0.99999999999999978        3.9882395173127113E-004   3.9882395173127124E-004
                    0  0.99999999999999989        9.0159241896551497E-005   9.0159241896551511E-005
                    0   1.0000000000000000        9.0159241896551511E-005   9.0159241896551511E-005
                    0   1.0000000000000007        9.0159241896551565E-005   9.0159241896551511E-005
                    0  0.99999999999999978        1.3473911192621904E-004   1.3473911192621906E-004
                    0  0.99999999999999978        7.4074576065806652E-005   7.4074576065806666E-005
                    0   1.0000000000000004        1.7847057656165417        1.7847057656165410     
                    0  0.99999999999999978        5.0363030195341501E-003   5.0363030195341510E-003
                    0   1.0000000000000000        5.0363030195341510E-003   5.0363030195341510E-003
                    0   1.0000000000000002        8.1970994486965667E-005   8.1970994486965640E-005
                    0  0.99999999999999989        1.8715459908690444        1.8715459908690446     
                    0  0.99999999999999989        1.8715459908690444        1.8715459908690446     
                    0  0.99999999999999989        1.8715459908690444        1.8715459908690446     
                    0   1.0000000000000002        2.1514910673425810E-005   2.1514910673425807E-005
                    0  0.99999999999999989        2.1514910673425803E-005   2.1514910673425807E-005
                    0   1.0000000000000000       0.99735651415980964       0.99735651415980964     
                    0  0.99999999999999978        1.5583695533747022E-002   1.5583695533747026E-002
                    0  0.99999999999999989        1.5583695533747024E-002   1.5583695533747026E-002
                    0  0.99999999999999989        1.5583695533747024E-002   1.5583695533747026E-002
                    0  0.99999999999999989        1.5583695533747024E-002   1.5583695533747026E-002
                    0  0.99999999999999989        3.8046131674187070E-006   3.8046131674187074E-006
                    0  0.99999999999999978        1.7595173371927515        1.7595173371927519     
                    0  0.99999999999999978        2.7492458393636742E-002   2.7492458393636749E-002
                    0  0.99999999999999989       0.37055906370119440       0.37055906370119446     
                    0  0.99999999999999989       0.41068740234768858       0.41068740234768863     
                    0  0.99999999999999989       0.10267185058692214       0.10267185058692216     
                    0  0.99999999999999978        2.1816809098656615        2.1816809098656620     
                    0  0.99999999999999978       0.65840089669375645       0.65840089669375657     
                    0   1.0000000000000000        7.0485784452574917E-004   7.0485784452574917E-004
                    0  0.99999999999999978        1.0261542017274675E-003   1.0261542017274677E-003
                    0  0.99999999999999989        1.6705574855234826E-003   1.6705574855234828E-003
