
Return from NEWUOA because the objective function has been evaluated MAXFUN times.
At the return from NEWUOA      Number of function evaluations =    1148
Least function value =   1.724406237898706D+04      The corresponding X is:
   1.510252D-01  -6.574243D-01  -4.104791D-01   8.379127D-01  -7.322103D-01
   5.203462D-01  -2.717709D-01   2.429243D-01  -2.408906D-01  -1.773719D-01
   2.427270D-01   5.310659D-01  -8.963466D-01  -1.876980D-01   3.825767D-01
   3.050741D-01   3.889965D-01  -4.147191D-01  -5.787076D-02  -3.976983D-02
  -9.287518D-02   3.430511D-01  -2.933655D-01   6.451946D-02   7.967390D-01
  -1.091059D-01  -1.052418D+00  -8.048392D-01  -4.941114D-01   8.055316D-01
  -2.900825D-02  -5.305368D-02  -1.116036D-01  -1.338063D-01   2.817442D-01
  -2.496614D-01   4.746434D-01   1.158535D+00  -1.272602D-01   3.765309D-01
  -3.669549D-01   1.163388D+00   4.494312D-01   5.634390D-02  -3.415410D-01
  -2.576009D-01  -9.605600D-01  -1.202845D+00  -1.027453D-01  -8.882180D-01
  -2.674565D-01  -2.927476D-01   4.676166D-01  -1.174501D+00  -2.084152D-01
   6.136749D-02   2.153546D+00

New RHO =  1.3444D-01      Number of function evaluations =     518
Least function value =   8.344712025908557D+05      The corresponding X is:
  -5.253950D-01   6.909606D-01   1.801369D-01  -1.824472D+00   4.697949D-01
  -6.999430D-01  -1.238257D-01   2.023938D-01  -4.286808D-02  -4.355999D-01
  -2.194574D-01  -5.244153D-01   7.612681D-02   3.025811D-01  -1.717657D-01
   1.271970D-01  -2.882107D-01  -2.829859D-02  -3.779461D-01   8.663118D-01
  -9.952873D-01   4.977262D-02   7.678059D-02   2.635707D-03  -3.003421D-02
   1.333399D-01   4.885052D-01   1.730675D-01   4.617241D-01   7.168376D-01
   6.479954D-01  -1.900871D-01   3.260151D-03   5.432483D-01   3.379277D-01
   1.177290D-01   5.599654D-01   5.382078D-01  -4.969054D-01  -3.384045D-01
  -1.425382D-01  -2.329776D-01  -7.746544D-01   9.484924D-01  -1.034960D-01
  -6.293882D-01   7.127336D-01   6.765145D-02  -1.069898D+00  -4.728076D-01
   1.997177D-01   5.078912D-01   6.139036D-01  -2.283368D+00   7.879730D-01
  -6.616885D-02  -2.661908D-01

Return from NEWUOA because the objective function has been evaluated MAXFUN times.
At the return from NEWUOA      Number of function evaluations =    1549
Least function value =   5.915445968271015D+03      The corresponding X is:
  -6.265906D-01   6.493891D-01   2.153677D-01  -1.598304D+00   7.695028D-01
  -6.306410D-01   2.678764D-01   1.453321D-01  -1.847481D-02  -4.041935D-01
  -1.095571D-01  -5.869859D-01   2.114097D-01   2.496245D-01  -8.638330D-02
   3.034356D-01  -3.424816D-01  -6.559069D-02  -3.769998D-01   9.292134D-01
  -1.051460D+00  -1.235606D-01  -2.631433D-01  -2.026116D-01  -3.665599D-01
  -3.691795D-02   2.951718D-01   1.150437D-01   3.621190D-01   6.867685D-01
   6.031737D-01   1.508151D-01   1.304409D-01   4.316557D-01   3.734478D-01
   7.570998D-02   3.894061D-01   5.094752D-01  -7.099396D-01  -5.048380D-01
  -2.815924D-01   4.641187D-02  -7.680690D-01   1.198791D+00   1.516345D-02
  -3.244701D-01   7.451857D-01   1.219798D-01  -1.059191D+00  -5.386882D-01
  -2.269399D-05   3.865323D-01   4.605390D-01  -2.088636D+00   7.213661D-01
   1.509529D-01  -1.518399D-01
